0101010044134004201701
0102010056141002201701
0102010064141002201701
0102010072141002201701
0102010145141002201701
0102010153141002201701
0102010161141002201701
0102010170141002201701
0102010188141002201701
0102010196141002201701
0102010200141002201701
0102010218141002201701
0102010226108001201701
0102010226141002201701
0102010234108001201701
0102010234141002201701
0102010242141002201701
0102010250141002201701
0102010269141002201701
0102010277141002201701
0102010285141002201701
0102010293141002201701
0102010307141002201701
0102010315141002201701
0102010323141002201701
0102010331141002201701
0102010340141002201701
0102010358141002201701
0102010366141002201701
0102010374141002201701
0102010382141002201701
0102010390141002201701
0102010404141002201701
0102010412141002201701
0102010420141002201701
0102010439141002201701
0102010447141002201701
0102010455141002201701
0102010463141002201701
0102010471141002201701
0102010480141002201701
0102010498141002201701
0102010501141002201701
0102010510141002201701
0102010528141002201701
0102010536141002201701
0102010544141002201701
0102010552141002201701
0102010560141002201701
0102010579141002201701
0102010587141002201701
0102010595141002201701
0102010609141002201701
0102010617141002201701
0102010625141002201701
0102010633141002201701
0102010641141002201701
0102010650141002201701
0102010668141002201701
0102020019108003201701
0102020027108001201701
0102020027108003201701
0102020035108003201701
0201010151110001201701
0201010151120001201701
0201010186131001201701
0201010186132001201701
0201010186132005201701
0201010240131001201701
0201010240132001201701
0201010240132005201701
0201010534105005201701
0201010542121001201701
0201010542121002201701
0201010542121003201701
0201010542121004201701
0202010015145001201701
0202010023145001201701
0202010031145001201701
0202010040145001201701
0202010058145001201701
0202010066145001201701
0202010074145001201701
0202010082145001201701
0202010090145001201701
0202010104145001201701
0202010112145001201701
0202010120145001201701
0202010139145001201701
0202010147145001201701
0202010155145001201701
0202010163145001201701
0202010171145001201701
0202010180145001201701
0202010198145001201701
0202010201145001201701
0202010210145001201701
0202010228145001201701
0202010236145001201701
0202010244145001201701
0202010252145001201701
0202010260145001201701
0202010279145001201701
0202010287145001201701
0202010295145001201701
0202010309145001201701
0202010317145001201701
0202010325145001201701
0202010333145001201701
0202010341145001201701
0202010350145001201701
0202010368145001201701
0202010376145001201701
0202010384145001201701
0202010392145001201701
0202010406145001201701
0202010414145001201701
0202010422145001201701
0202010430145001201701
0202010449145001201701
0202010457145001201701
0202010465145001201701
0202010473145001201701
0202010481145001201701
0202010490145001201701
0202010503145001201701
0202010511145001201701
0202010520145001201701
0202010538145001201701
0202010546145001201701
0202010554145001201701
0202010562145001201701
0202010570145001201701
0202010589145001201701
0202010597145001201701
0202010600145001201701
0202010619145001201701
0202010627145001201701
0202010635145001201701
0202010643145001201701
0202010651145001201701
0202010660145001201701
0202010678145001201701
0202010686145001201701
0202010694145001201701
0202010708145001201701
0202010716145001201701
0202010724145001201701
0202010732145001201701
0202010740145001201701
0202010759145001201701
0202010767145001201701
0202020010145002201701
0202020029145002201701
0202020037145002201701
0202020045145002201701
0202020053145002201701
0202020061145002201701
0202020070145002201701
0202020088145002201701
0202020096145002201701
0202020100145002201701
0202020118145002201701
0202020126145002201701
0202020134145002201701
0202020142145002201701
0202020150145002201701
0202020169145002201701
0202020177145002201701
0202020185145002201701
0202020193145002201701
0202020207145002201701
0202020215145002201701
0202020223145002201701
0202020231145002201701
0202020240145002201701
0202020258145002201701
0202020266145002201701
0202020274145002201701
0202020282145002201701
0202020290145002201701
0202020304145002201701
0202020312145002201701
0202020320145002201701
0202020339145002201701
0202020347145002201701
0202020355145002201701
0202020363145002201701
0202020371145002201701
0202020380145002201701
0202020398145002201701
0202020401145002201701
0202020410145002201701
0202020428145002201701
0202020436145002201701
0202020444145002201701
0202020460145002201701
0202020479128001201701
0202020487145002201701
0202020495145002201701
0202020517145002201701
0202020525145002201701
0202020533145002201701
0202020541145002201701
0202030016145003201701
0202030024145003201701
0202030032145003201701
0202030040145003201701
0202030059145003201701
0202030067145003201701
0202030075145003201701
0202030083145003201701
0202030091145003201701
0202030105145003201701
0202030113145003201701
0202030121145003201701
0202030130145003201701
0202030148145003201701
0202030156145003201701
0202030164145003201701
0202030172145003201701
0202030180145003201701
0202030199145003201701
0202030202145003201701
0202030210145003201701
0202030229145003201701
0202030237132002201701
0202030237145003201701
0202030253145003201701
0202030261145003201701
0202030270145003201701
0202030288145003201701
0202030296145003201701
0202030300145003201701
0202030318145003201701
0202030326145003201701
0202030334145003201701
0202030342145003201701
0202030350145003201701
0202030369145003201701
0202030377145003201701
0202030385145003201701
0202030393145003201701
0202030407145003201701
0202030415145003201701
0202030423145003201701
0202030431145003201701
0202030440145003201701
0202030458145003201701
0202030466145003201701
0202030474145003201701
0202030482145003201701
0202030504145003201701
0202030512145003201701
0202030520145003201701
0202030539145003201701
0202030547145003201701
0202030555145003201701
0202030563145003201701
0202030571145003201701
0202030580145003201701
0202030598145003201701
0202030601145003201701
0202030610145003201701
0202030628145003201701
0202030636145003201701
0202030644145003201701
0202030652145003201701
0202030660145003201701
0202030679145003201701
0202030687145003201701
0202030695145003201701
0202030709145003201701
0202030717145003201701
0202030725145003201701
0202030733145003201701
0202030741145003201701
0202030750145003201701
0202030768145003201701
0202030776145003201701
0202030784145003201701
0202030792145003201701
0202030806145003201701
0202030814145003201701
0202030822145003201701
0202030830145003201701
0202030849145003201701
0202030857145003201701
0202030865145003201701
0202030873145003201701
0202030881145003201701
0202030890145003201701
0202030903145003201701
0202030911145003201701
0202030920145003201701
0202030938145003201701
0202030946145003201701
0202030954145003201701
0202030962145003201701
0202030970145003201701
0202030989145003201701
0202030997145003201701
0202031004145003201701
0202031012145003201701
0202031020145003201701
0202031039145003201701
0202031047145003201701
0202031055145003201701
0202031063145003201701
0202031071145003201701
0202031080145003201701
0202031098145003201701
0202031101145003201701
0202031110145003201701
0202031128145003201701
0202031136145003201701
0202031179145003201701
0202031187145003201701
0202031195145003201701
0202031209145003201701
0202031217145003201701
0202031225145003201701
0202031233145003201701
0202031233145011201701
0202031250145003201701
0202031250145011201701
0202031268145003201701
0202031268145011201701
0202040011145004201701
0202040020145004201701
0202040038145004201701
0202040046145004201701
0202040054145004201701
0202040062145004201701
0202040070145004201701
0202040089145004201701
0202040097145004201701
0202040100145004201701
0202040119145004201701
0202040127145004201701
0202040135145004201701
0202040143145004201701
0202040151145004201701
0202040160145004201701
0202040178145004201701
0202050017145005201701
0202050025145005201701
0202050033145005201701
0202050041145005201701
0202050050145005201701
0202050068145005201701
0202050076145005201701
0202050076145011201701
0202050084145005201701
0202050092145005201701
0202050106145005201701
0202050114145005201701
0202050122145005201701
0202050130145005201701
0202050149145005201701
0202050157145005201701
0202050165145005201701
0202050173145005201701
0202050181145005201701
0202050190145005201701
0202050203145005201701
0202050211145005201701
0202050220145005201701
0202050238145005201701
0202050246145005201701
0202050254145005201701
0202050262145005201701
0202050270145005201701
0202050289145005201701
0202050297145005201701
0202050300145005201701
0202050319145005201701
0202050327145005201701
0202060012145006201701
0202060012151002201701
0202060020145006201701
0202060020151002201701
0202060039145006201701
0202060039151002201701
0202060047145006201701
0202060047151002201701
0202060055145006201701
0202060055151002201701
0202060063145006201701
0202060063151002201701
0202060071145006201701
0202060071151002201701
0202060080145006201701
0202060080151002201701
0202060098145006201701
0202060098151002201701
0202060101145006201701
0202060101151002201701
0202060110145006201701
0202060110151002201701
0202060128145006201701
0202060128151002201701
0202060136145006201701
0202060136151002201701
0202060144145006201701
0202060144151002201701
0202060152145006201701
0202060152151002201701
0202060160145006201701
0202060160151002201701
0202060179145006201701
0202060179151002201701
0202060187145006201701
0202060187151002201701
0202060195145006201701
0202060195151002201701
0202060209145006201701
0202060209151002201701
0202060217145006201701
0202060217151002201701
0202060225145006201701
0202060225151002201701
0202060233145006201701
0202060233151002201701
0202060241145006201701
0202060241151002201701
0202060250145006201701
0202060250151002201701
0202060268145006201701
0202060268151002201701
0202060276145006201701
0202060276151002201701
0202060284145006201701
0202060284151002201701
0202060292145006201701
0202060292151002201701
0202060306145006201701
0202060306151002201701
0202060314145006201701
0202060314151002201701
0202060322145006201701
0202060322151002201701
0202060330145006201701
0202060330151002201701
0202060349145006201701
0202060349151002201701
0202060357145006201701
0202060357151002201701
0202060365145006201701
0202060365151002201701
0202060373145006201701
0202060373151002201701
0202060381145006201701
0202060381151002201701
0202060390145006201701
0202060390151002201701
0202060403145006201701
0202060403151002201701
0202060411145006201701
0202060411151002201701
0202060420145006201701
0202060420151002201701
0202060438145006201701
0202060438151002201701
0202060446145006201701
0202060446151002201701
0202060454145006201701
0202060454151002201701
0202060462145006201701
0202060462151002201701
0202060470145006201701
0202070018145008201701
0202070026145008201701
0202070034145008201701
0202070042145008201701
0202070050145008201701
0202070069145008201701
0202070077145008201701
0202070085145008201701
0202070093145008201701
0202070107145008201701
0202070115145008201701
0202070123145008201701
0202070131145008201701
0202070140145008201701
0202070158145008201701
0202070166145008201701
0202070174145008201701
0202070182145008201701
0202070190145008201701
0202070204145008201701
0202070212145008201701
0202070220145008201701
0202070239145008201701
0202070247145008201701
0202070255145008201701
0202070263145008201701
0202070271145008201701
0202070280145008201701
0202070298145008201701
0202070301145008201701
0202070310145008201701
0202070328145008201701
0202070336145008201701
0202070344145008201701
0202070352145008201701
0202080013145009201701
0202080021145009201701
0202080030145009201701
0202080048145009201701
0202080056145009201701
0202080064145009201701
0202080072145009201701
0202080080145009201701
0202080099145009201701
0202080102145009201701
0202080110145009201701
0202080129145009201701
0202080137145009201701
0202080145145009201701
0202080153145009201701
0202080161145009201701
0202080170145009201701
0202080188145009201701
0202080196145009201701
0202080200145009201701
0202080218145009201701
0202080226145009201701
0202080234145009201701
0202090019145010201701
0202090027145010201701
0202090035145010201701
0202090043145010201701
0202090051145010201701
0202090060145010201701
0202090078145010201701
0202090086145010201701
0202090094145010201701
0202090108145009201701
0202090116145010201701
0202090124145010201701
0202090132145010201701
0202090140145010201701
0202090159145010201701
0202090167145010201701
0202090183145010201701
0202090191145010201701
0202090213145010201701
0202090221145010201701
0202090221151002201701
0202090230145010201701
0202090248145010201701
0202090256145010201701
0202090264145010201701
0202090272145010201701
0202090280145010201701
0202090299145010201701
0202090302145010201701
0202090310145010201701
0202090329145010201701
0202090337145010201701
0202090345145010201701
0202090353145010201701
0202100014145011201701
0202100022145011201701
0202100030145011201701
0202100049120001201701
0202100049145011201701
0202100057145011201701
0202100065145011201701
0202100073145011201701
0202100081145011201701
0202100090145011201701
0202100103145011201701
0202100111145011201701
0202100120145011201701
0202100138145011201701
0202100146145011201701
0202100154145011201701
0202100162145011201701
0202100170145011201701
0202100189145011201701
0202100197145011201701
0202110010145012201701
0202110028145012201701
0202110036145012201701
0202110044145012201701
0202110052145012201701
0202110060145012201701
0202110079145012201701
0202110087145012201701
0202110095145012201701
0202110109145012201701
0202110117145012201701
0202110125145012201701
0202110133145012201701
0202110141145012201701
0202120015128002201701
0202120015145013201701
0202120023128002201701
0202120023145013201701
0202120031128002201701
0202120031145013201701
0202120040128002201701
0202120040145013201701
0202120058128002201701
0202120058145013201701
0202120066128002201701
0202120066145013201701
0202120074128002201701
0202120074145013201701
0202120082128002201701
0202120082145013201701
0202120090128002201701
0202120090145013201701
0202120104128002201701
0202120104145013201701
0203010019120002201701
0203010027120002201701
0203010035120002201701
0203010043120002201701
0203010078120003201701
0203010086120002201701
0203010086120003201701
0203020014120001201701
0203020014120002201701
0203020022120001201701
0203020030120001201701
0203020049120001201701
0203020057120001201701
0203020065120001201701
0203020073120001201701
0203020081120001201701
0204010012121001201701
0204010012121007201701
0204010020121001201701
0204010020121007201701
0204010039121001201701
0204010039121007201701
0204010047121001201701
0204010047121007201701
0204010055121001201701
0204010055121007201701
0204010063121001201701
0204010063121007201701
0204010071121001201701
0204010071121007201701
0204010080121001201701
0204010080121007201701
0204010098121001201701
0204010098121007201701
0204010101121001201701
0204010101121007201701
0204010110121001201701
0204010110121007201701
0204010128121001201701
0204010128121007201701
0204010136121001201701
0204010136121007201701
0204010144121001201701
0204010144121007201701
0204010152121001201701
0204010152121007201701
0204010179121001201701
0204010179121007201701
0204010195121001201701
0204010195121007201701
0204010209121001201701
0204010209121007201701
0204020018121001201701
0204020018121007201701
0204020026121001201701
0204020026121007201701
0204020034121001201701
0204020034121007201701
0204020042121001201701
0204020042121007201701
0204020050121001201701
0204020050121007201701
0204020069121001201701
0204020069121007201701
0204020077121001201701
0204020077121007201701
0204020085121001201701
0204020085121007201701
0204020093121001201701
0204020093121007201701
0204020107121001201701
0204020107121007201701
0204020115121001201701
0204020115121007201701
0204020123121001201701
0204020123121007201701
0204020131121001201701
0204020131121007201701
0204030013121001201701
0204030013121007201701
0204030021121001201701
0204030021121007201701
0204030030121012201701
0204030030121013201701
0204030048121001201701
0204030048121007201701
0204030056121001201701
0204030056121007201701
0204030064121001201701
0204030064121007201701
0204030072121001201701
0204030072121007201701
0204030080121001201701
0204030080121007201701
0204030099121001201701
0204030099121007201701
0204030102121001201701
0204030102121007201701
0204030110121001201701
0204030110121007201701
0204030129121001201701
0204030129121007201701
0204030137121001201701
0204030137121007201701
0204030145121001201701
0204030145121007201701
0204030153121001201701
0204030153121007201701
0204030161121001201701
0204030161121007201701
0204030170121001201701
0204030170121007201701
0204030188121012201701
0204030188121013201701
0204040019121001201701
0204040019121007201701
0204040027121001201701
0204040027121007201701
0204040035121001201701
0204040035121007201701
0204040043121001201701
0204040043121007201701
0204040051121001201701
0204040051121007201701
0204040060121001201701
0204040060121007201701
0204040078121001201701
0204040078121007201701
0204040086121001201701
0204040086121007201701
0204040094121001201701
0204040094121007201701
0204040108121001201701
0204040108121007201701
0204040116121001201701
0204040116121007201701
0204040124121001201701
0204040124121007201701
0204050014121001201701
0204050014121007201701
0204050022121001201701
0204050022121007201701
0204050030121001201701
0204050030121007201701
0204050049121001201701
0204050049121007201701
0204050057121001201701
0204050057121007201701
0204050065121001201701
0204050065121007201701
0204050073121001201701
0204050073121007201701
0204050081121001201701
0204050081121007201701
0204050090121001201701
0204050090121007201701
0204050103121001201701
0204050103121007201701
0204050111121001201701
0204050111121007201701
0204050120121001201701
0204050120121007201701
0204050138121001201701
0204050138121007201701
0204050146121001201701
0204050146121007201701
0204050154121001201701
0204050154121007201701
0204050162121001201701
0204050162121007201701
0204050170121001201701
0204050170121007201701
0204050189121001201701
0204050189121007201701
0204060010121001201701
0204060010121007201701
0204060036121001201701
0204060036121007201701
0204060044121001201701
0204060044121007201701
0204060052121001201701
0204060052121007201701
0204060060121001201701
0204060060121007201701
0204060079121001201701
0204060079121007201701
0204060087121001201701
0204060087121007201701
0204060095121001201701
0204060095121007201701
0204060109121001201701
0204060109121007201701
0204060117121001201701
0204060117121007201701
0204060125121001201701
0204060125121007201701
0204060133121001201701
0204060133121007201701
0204060141121001201701
0204060141121007201701
0204060150121001201701
0204060150121007201701
0204060168121001201701
0204060168121007201701
0204060176121001201701
0204060176121007201701
0205010016122003201701
0205010016122007201701
0205010024122003201701
0205010024122007201701
0205010032121002201701
0205010032121008201701
0205010040121002201701
0205010040121008201701
0205010059121002201701
0205010059121008201701
0205020011121002201701
0205020011121008201701
0205020020131001201701
0205020020131006201701
0205020020131007201701
0205020038121002201701
0205020038121008201701
0205020046121002201701
0205020046121008201701
0205020054121002201701
0205020054121008201701
0205020062121002201701
0205020062121008201701
0205020070121002201701
0205020070121008201701
0205020089121002201701
0205020089121008201701
0205020089131006201701
0205020089131007201701
0205020097121002201701
0205020097121008201701
0205020100121002201701
0205020100121008201701
0205020119121002201701
0205020119121008201701
0205020127121002201701
0205020127121008201701
0205020135121002201701
0205020135121008201701
0205020143121002201701
0205020143121008201701
0205020151121002201701
0205020151121008201701
0205020160121002201701
0205020160121008201701
0205020178121002201701
0205020178121008201701
0205020186121002201701
0205020186121008201701
0205020194121002201701
0205020194121008201701
0206010010121003201701
0206010028121003201701
0206010036121003201701
0206010044121003201701
0206010052121003201701
0206010060121003201701
0206010079121003201701
0206010087121003201701
0206010095121003201701
0206010095151001201701
0206020015121003201701
0206020023121003201701
0206020031121003201701
0206020040121003201701
0206030010121003201701
0206030029121003201701
0206030037121003201701
0207010013121004201701
0207010013121010201701
0207010021121004201701
0207010021121010201701
0207010030121004201701
0207010030121010201701
0207010048121004201701
0207010048121010201701
0207010056121004201701
0207010056121010201701
0207010064121004201701
0207010064121010201701
0207010072121004201701
0207010072121010201701
0207020019121004201701
0207020019121010201701
0207020027121004201701
0207020027121010201701
0207020035121004201701
0207020035121010201701
0207030014121004201701
0207030014121010201701
0207030022121004201701
0207030022121010201701
0207030030121004201701
0207030030121010201701
0207030049121004201701
0207030049121010201701
0208010017151001201701
0208010017151003201701
0208010025151001201701
0208010025151003201701
0208010033151001201701
0208010033151003201701
0208010041151001201701
0208010041151003201701
0208010050151001201701
0208010050151003201701
0208010068151001201701
0208010068151003201701
0208010076151001201701
0208010076151003201701
0208010084151001201701
0208010084151003201701
0208010092151001201701
0208010092151003201701
0208020012151001201701
0208020012151003201701
0208020020151001201701
0208020020151003201701
0208020039151001201701
0208020039151003201701
0208020047151001201701
0208020047151003201701
0208020055151001201701
0208020055151003201701
0208020063151001201701
0208020063151003201701
0208020071151001201701
0208020071151003201701
0208020080151001201701
0208020080151003201701
0208020098151001201701
0208020098151003201701
0208020101151001201701
0208020101151003201701
0208020110151001201701
0208020110151003201701
0208020128151001201701
0208020128151003201701
0208030018151001201701
0208030018151003201701
0208030026151001201701
0208030026151003201701
0208030034151001201701
0208030034151003201701
0208030042151001201701
0208030042151003201701
0208030050151001201701
0208030050151003201701
0208040013151001201701
0208040013151003201701
0208040021151001201701
0208040021151003201701
0208040030151001201701
0208040030151003201701
0208040048151001201701
0208040048151003201701
0208040056151001201701
0208040056151003201701
0208040064151001201701
0208040064151003201701
0208040072151001201701
0208040072151003201701
0208040080151001201701
0208040080151003201701
0208040099151001201701
0208040099151003201701
0208040102151001201701
0208040102151003201701
0208050019151001201701
0208050019151003201701
0208050027151001201701
0208050027151003201701
0208050035151001201701
0208050035151003201701
0208050043151001201701
0208050043151003201701
0208060014151001201701
0208060014151003201701
0208060022151001201701
0208060022151003201701
0208060030151001201701
0208060030151003201701
0208070010151001201701
0208070010151003201701
0208070028151001201701
0208070028151003201701
0208070036151001201701
0208070036151003201701
0208070044151001201701
0208070044151003201701
0208080015151001201701
0208080015151003201701
0208080023151001201701
0208080023151003201701
0208080031151001201701
0208080031151003201701
0208080040151001201701
0208080040151003201701
0208090010151001201701
0208090010151003201701
0208090029151001201701
0208090029151003201701
0208090037151001201701
0208090037151003201701
0209010010142001201701
0209010029142001201701
0209010037142001201701
0209010045142001201701
0209010053142001201701
0209010061142001201701
0209020016142003201701
0209030011142004201701
0209040017142002201701
0209040025142002201701
0209040033142002201701
0209040041142002201701
0209040050142002201701
0210010010121001201701
0210010010121007201701
0210010029121001201701
0210010029121007201701
0210010037121006201701
0210010037121011201701
0210010045121001201701
0210010045121007201701
0210010053121001201701
0210010053121007201701
0210010061121001201701
0210010061121007201701
0210010070121001201701
0210010070121007201701
0210010088121001201701
0210010088121007201701
0210010096121001201701
0210010096121007201701
0210010100121001201701
0210010100121007201701
0210010118121001201701
0210010118121007201701
0210010126121001201701
0210010126121007201701
0210010134121001201701
0210010134121007201701
0210010142121001201701
0210010142121007201701
0210010150121001201701
0210010150121007201701
0210010169121001201701
0210010169121006201701
0210010169121007201701
0210010177121001201701
0210010177121007201701
0210010185121001201701
0210010185121007201701
0210010193121001201701
0210010193121007201701
0210010207121001201701
0210010207121007201701
0210020016121001201701
0210020016121007201701
0211010022121002201701
0211020010116005201701
0211020028116005201701
0211020036113001201701
0211020036113002201701
0211020036113003201701
0211020036113004201701
0211020036122003201701
0211020036122007201701
0211020044122002201701
0211020044122006201701
0211020060122001201701
0211020060122005201701
0211030015126008201701
0211030015135001201701
0211030015135002201701
0211030015135003201701
0211030015135004201701
0211030015135005201701
0211030015135010201701
0211030015135011201701
0211030023126008201701
0211030023135001201701
0211030023135002201701
0211030023135003201701
0211030023135004201701
0211030023135005201701
0211030023135010201701
0211030023135011201701
0211030031126008201701
0211030031135001201701
0211030031135002201701
0211030031135003201701
0211030031135004201701
0211030031135005201701
0211030031135010201701
0211030031135011201701
0211030040126008201701
0211030040135001201701
0211030040135002201701
0211030040135003201701
0211030040135004201701
0211030040135005201701
0211030040135010201701
0211030040135011201701
0211030058126008201701
0211030058135001201701
0211030058135002201701
0211030058135003201701
0211030058135004201701
0211030058135005201701
0211030058135010201701
0211030058135011201701
0211030066126008201701
0211030066135001201701
0211030066135002201701
0211030066135003201701
0211030066135004201701
0211030066135005201701
0211030066135010201701
0211030066135011201701
0211030074126008201701
0211030074135001201701
0211030074135002201701
0211030074135003201701
0211030074135004201701
0211030074135005201701
0211030074135010201701
0211030074135011201701
0211030082126008201701
0211030082135001201701
0211030082135002201701
0211030082135003201701
0211030082135004201701
0211030082135005201701
0211030082135010201701
0211030082135011201701
0211030090126008201701
0211030090135001201701
0211030090135002201701
0211030090135003201701
0211030090135004201701
0211030090135005201701
0211030090135010201701
0211030090135011201701
0211040037145009201701
0211050024122004201701
0211050024122008201701
0211050032122004201701
0211050032122008201701
0211050040122004201701
0211050040122008201701
0211050059122004201701
0211050059122008201701
0211050067122004201701
0211050067122008201701
0211050091105006201701
0211050105105009201701
0211050148105006201701
0211050156122004201701
0211050156122008201701
0211060011131001201701
0211060011131006201701
0211060011131007201701
0211060011135001201701
0211060011135004201701
0211060020131001201701
0211060020135001201701
0211060020135004201701
0211060038131001201701
0211060054131001201701
0211060062131001201701
0211060070131001201701
0211060070135001201701
0211060070135004201701
0211060089131001201701
0211060089135001201701
0211060089135004201701
0211060097131001201701
0211060100131001201701
0211060100135001201701
0211060100135004201701
0211060119131001201701
0211060119131006201701
0211060119131007201701
0211060127131001201701
0211060127131006201701
0211060127131007201701
0211060127135001201701
0211060127135004201701
0211060135131001201701
0211060143131001201701
0211060151113001201701
0211060151113002201701
0211060151113003201701
0211060151113004201701
0211060151131001201701
0211060151135001201701
0211060151135004201701
0211060160131001201701
0211060160135001201701
0211060160135004201701
0211060178131001201701
0211060178131005201701
0211060178131006201701
0211060178131007201701
0211060186131001201701
0211060186131006201701
0211060186131007201701
0211060208131001201701
0211060216131001201701
0211060216135001201701
0211060216135004201701
0211060224131001201701
0211060224135001201701
0211060224135004201701
0211060232131001201701
0211060232131006201701
0211060232131007201701
0211060232135001201701
0211060232135004201701
0211060240131001201701
0211060259131001201701
0211060259135001201701
0211060259135004201701
0211060267131001201701
0211060267131006201701
0211060267131007201701
0211070025135005201701
0211070025135010201701
0211070033135005201701
0211070033135010201701
0211070041135010201701
0211070092135005201701
0211070092135010201701
0211070106135005201701
0211070106135010201701
0211070122135010201701
0211070157135005201701
0211070157135010201701
0211070165135005201701
0211070165135010201701
0211070190135001201701
0211070190135002201701
0211070190135003201701
0211070190135004201701
0211070190135005201701
0211070190135010201701
0211070203135005201701
0211070203135010201701
0211070211135005201701
0211070211135010201701
0211070238135005201701
0211070238135010201701
0211070246135005201701
0211070246135010201701
0211070254135010201701
0211070262135005201701
0211070262135010201701
0211070270107007201701
0211070270135010201701
0211070289135005201701
0211070289135010201701
0211070297135005201701
0211070297135010201701
0211070300135005201701
0211070300135010201701
0211070319135005201701
0211070319135010201701
0211070327135005201701
0211070327135010201701
0211070335135005201701
0211070335135010201701
0211070343135005201701
0211070343135010201701
0211070378107008201701
0211070386107008201701
0211070394107008201701
0211070408107008201701
0211070416107008201701
0211080012133001201701
0211080020133001201701
0211080039133001201701
0211080047133001201701
0211080055133002201701
0211080055133003201701
0211080063133001201701
0211080071133001201701
0211080080122001201701
0211080080122005201701
0211100013115002201701
0211100013135001201701
0211100013135003201701
0211100013135004201701
0211100013135005201701
0211100013135010201701
0211100013135011201701
0212010018128002201701
0212010026128002201701
0212010034128002201701
0212010042128002201701
0212010050128002201701
0212010069128002201701
0212020013128003201701
0212020021128003201701
0212020030128003201701
0212020048128003201701
0212020056128003201701
0212020064128003201701
0213010011141001201701
0213010020141001201701
0213010038141001201701
0213010046141001201701
0213010054141001201701
0213010062141001201701
0213010070141001201701
0213010089141001201701
0213010097141001201701
0213010100141001201701
0213010119141001201701
0213010127141001201701
0213010135141001201701
0213010143141001201701
0213010151141001201701
0213010160141001201701
0213010178141001201701
0213010186141001201701
0213010194141001201701
0213010208141001201701
0213010216141001201701
0213010224141001201701
0213010232141001201701
0213010240141001201701
0213010259141001201701
0213010267141001201701
0213010275141001201701
0213010283141001201701
0213010291141001201701
0213010305141001201701
0213010313141001201701
0213010321141001201701
0213010330141001201701
0213010348141001201701
0213010356141001201701
0213010364141001201701
0213010372141001201701
0213010380141001201701
0213010399141001201701
0213010402141001201701
0213010410141001201701
0213010429141001201701
0213010437141001201701
0213010445141001201701
0213010453141001201701
0213010470141001201701
0213010488141001201701
0213010496141001201701
0213010500141001201701
0213010518141001201701
0213010526141001201701
0213010534141001201701
0213010542141001201701
0213010550141001201701
0213010569141001201701
0213010577141001201701
0213010585141001201701
0213010593141001201701
0213010607141001201701
0213010615141001201701
0213010623141001201701
0213010631141001201701
0213010640141001201701
0213010658141001201701
0213010666141001201701
0213010674141001201701
0213010682141001201701
0213010690141001201701
0213010704141001201701
0213010712141001201701
0213020017141003201701
0213020025141003201701
0213020033141003201701
0213020041141003201701
0213020050141003201701
0213020068141003201701
0213020076141003201701
0213020084141003201701
0301010102131001201701
0301010196168001201701
0301010196168002201701
0301010200168001201701
0301010200168002201701
0301010218168001201701
0301010218168002201701
0301010226168001201701
0301010226168002201701
0301020019108001201701
0301020027108001201701
0301030022103006201701
0301030049103012201701
0301030057103002201701
0301030057103005201701
0301030081103002201701
0301030090103003201701
0301030103103002201701
0301030111104003201701
0301030120104003201701
0301030138104003201701
0301030146104003201701
0301030154103001201701
0301030162103003201701
0301030162103005201701
0301040052165001201701
0301040060165008201701
0301050015133001201701
0301050031113001201701
0301050031113003201701
0301050031113004201701
0301050040113001201701
0301050066113003201701
0301050066113004201701
0301050066133001201701
0301050074113002201701
0301050082113003201701
0301050082113004201701
0301050112113003201701
0301050112113004201701
0301050120113003201701
0301050120113004201701
0301050139113003201701
0301050139113004201701
0301050147108003201701
0301050147113003201701
0301050147113004201701
0301050155113002201701
0301050155113004201701
0301070016107005201701
0301070024113001201701
0301070024113002201701
0301070024113003201701
0301070024113004201701
0301070024135001201701
0301070024135002201701
0301070024135003201701
0301070024135004201701
0301070024135005201701
0301070024135010201701
0301070032135005201701
0301070032135010201701
0301070040115002201701
0301070040135001201701
0301070040135002201701
0301070040135003201701
0301070040135004201701
0301070040135005201701
0301070040135010201701
0301070040135011201701
0301070067113001201701
0301070067113002201701
0301070067113003201701
0301070067113004201701
0301070067135001201701
0301070067135002201701
0301070067135003201701
0301070067135004201701
0301070067135005201701
0301070067135010201701
0301070075135001201701
0301070075135002201701
0301070075135003201701
0301070075135004201701
0301070075135005201701
0301070075135009201701
0301070075135010201701
0301070083135001201701
0301070083135002201701
0301070083135003201701
0301070083135004201701
0301070083135005201701
0301070083135010201701
0301070091135003201701
0301070091135011201701
0301070105135003201701
0301070105135011201701
0301070113113001201701
0301070113113002201701
0301070113113003201701
0301070113113004201701
0301070113135001201701
0301070113135002201701
0301070113135003201701
0301070113135004201701
0301070113135005201701
0301070113135010201701
0301070121135003201701
0301070130135003201701
0301070130135011201701
0301070148135001201701
0301070148135004201701
0301070156135001201701
0301070156135004201701
0301070164135001201701
0301070164135004201701
0301070172107008201701
0301070180107008201701
0301070199107008201701
0301080011119001201701
0301080020115002201701
0301080038115002201701
0301080046115001201701
0301080046115004201701
0301080046115005201701
0301080160115002201701
0301080160135001201701
0301080160135003201701
0301080160135004201701
0301080160135005201701
0301080160135010201701
0301080160135011201701
0301080178115002201701
0301080194115002201701
0301080208115002201701
0301080216115002201701
0301080224115002201701
0301080232115002201701
0301080240115002201701
0301080259115002201701
0301080267115002201701
0301080275115002201701
0301080283115002201701
0301080291115002201701
0301080305115002201701
0301080313115002201701
0301080321115002201701
0301080330115002201701
0301080348115002201701
0301080356115002201701
0301080364115008201701
0301080372115006201701
0301080380115007201701
0301080399115002201701
0301110018117002201701
0301110026117002201701
0301120056127001201701
0301120064139005201701
0301120072139006201701
0301120080127001201701
0301130035153001201701
0301130043153001201701
0301130043153002201701
0301130051130006201701
0301130060130006201701
0301140014113002201701
0301140014113004201701
0302010017126001201701
0302010025126001201701
0302010033126001201701
0302020012113001201701
0302020012113002201701
0302020012113003201701
0302020012113004201701
0302020012126002201701
0302020020113001201701
0302020020113002201701
0302020020113003201701
0302020020113004201701
0302020020126002201701
0302020039126002201701
0302030018126003201701
0302030018135001201701
0302030018135004201701
0302030026126003201701
0302030026135001201701
0302030026135004201701
0302040013126002201701
0302040013126004201701
0302040013126006201701
0302040013126007201701
0302040013135003201701
0302040013135011201701
0302040021113001201701
0302040021113002201701
0302040021113003201701
0302040021113004201701
0302040021126004201701
0302040021135003201701
0302040021135004201701
0302040021135011201701
0302040030113001201701
0302040030113002201701
0302040030113003201701
0302040030113004201701
0302040030126004201701
0302040048126004201701
0302040048135003201701
0302040048135011201701
0302040056126004201701
0302040056135003201701
0302040056135011201701
0302050019126005201701
0302050019135003201701
0302050019135011201701
0302050027113001201701
0302050027113002201701
0302050027113003201701
0302050027113004201701
0302050027126005201701
0302050027135003201701
0302050027135004201701
0302050027135011201701
0302050035126005201701
0302060014113001201701
0302060014113002201701
0302060014113003201701
0302060014113004201701
0302060014126007201701
0302060014135003201701
0302060014135004201701
0302060014135011201701
0302060022113001201701
0302060022113002201701
0302060022113003201701
0302060022113004201701
0302060022126007201701
0302060022135003201701
0302060022135004201701
0302060022135011201701
0302060030126007201701
0302060030135003201701
0302060030135011201701
0302060049126007201701
0302060049135002201701
0302060049135003201701
0302060049135004201701
0302060049135011201701
0302060057126007201701
0302060057135003201701
0302060057135011201701
0302070010126006201701
0302070028126006201701
0302070036126006201701
0303030089153001201701
0303030097153001201701
0303040068105001201701
0303040068105002201701
0303040068105003201701
0303040068105004201701
0303040068105005201701
0303040068105006201701
0303040068105007201701
0303040068105008201701
0303040068132005201701
0303040106105001201701
0303040106105002201701
0303040106105003201701
0303040106105004201701
0303040106105005201701
0303040114105001201701
0303040114105002201701
0303040114105003201701
0303040114105004201701
0303040114105005201701
0303040114155001201701
0303040114155002201701
0303040114155003201701
0303040122105001201701
0303040122105002201701
0303040122105003201701
0303040122105004201701
0303040122105005201701
0303040122132005201701
0303040300140005201701
0303040300140006201701
0303040300140019201701
0303050012131002201701
0303050020131002201701
0303050039131002201701
0303050047131002201701
0303050055131002201701
0303050063131002201701
0303050071131002201701
0303050080131002201701
0303050098131002201701
0303050101131002201701
0303050110131002201701
0303050136131002201701
0303050144131002201701
0303050152131002201701
0303050160131002201701
0303050179131002201701
0303050187131002201701
0303050195131002201701
0303050209131002201701
0303050217131002201701
0303050225131002201701
0303070013142001201701
0303070137127001201701
0303170131115003201701
0303170140115003201701
0303170158115003201701
0303170166115003201701
0303170174115003201701
0303170182115003201701
0303190019113001201701
0303190019113002201701
0303190019113003201701
0303190019113004201701
0303190019135003201701
0304010014132004201701
0304010022132004201701
0304010030132004201701
0304010049132004201701
0304010057132004201701
0304010065132004201701
0304010073132004201701
0304010081132004201701
0304010090132004201701
0304010111132001201701
0304010111132002201701
0304010111132003201701
0304010111132004201701
0304010120132004201701
0304010138132004201701
0304010146132004201701
0304010154132004201701
0304010162132004201701
0304010170132004201701
0304010189132004201701
0304010197132004201701
0304010200132004201701
0304010219132004201701
0304010235132004201701
0304010243132004201701
0304010260132004201701
0304010286132004201701
0304010294132004201701
0304010308132004201701
0304010316132004201701
0304010324132004201701
0304010332132004201701
0304010340132004201701
0304020010132003201701
0304020028132003201701
0304020036132003201701
0304020044132003201701
0304020052132003201701
0304020060132003201701
0304020079132003201701
0304020087132003201701
0304020095132003201701
0304020109132003201701
0304020117132003201701
0304020125132003201701
0304020133132003201701
0304020141132003201701
0304020150132003201701
0304020168132003201701
0304020176132003201701
0304020184132003201701
0304020192132003201701
0304020206132003201701
0304020214132003201701
0304020222132003201701
0304020230132003201701
0304020249132003201701
0304020257132003201701
0304020265132003201701
0304020273132003201701
0304020281132003201701
0304020290132003201701
0304020303132003201701
0304020311132003201701
0304020320132003201701
0304020338132003201701
0304020346132003201701
0304020362132003201701
0304020370132003201701
0304020389132003201701
0304020397132003201701
0304020400132003201701
0304030015132002201701
0304030015132003201701
0304030023132002201701
0304030023132003201701
0304030031132002201701
0304030031132003201701
0304030040132002201701
0304030040132003201701
0304030058132002201701
0304030058132003201701
0304030066132002201701
0304030066132003201701
0304030074132002201701
0304030074132003201701
0304030082132002201701
0304030082132003201701
0304030090132002201701
0304030090132003201701
0304030104132002201701
0304030104132003201701
0304030112132002201701
0304030112132003201701
0304030120132002201701
0304030120132003201701
0304030139132002201701
0304030139132003201701
0304030147132002201701
0304030147132003201701
0304030155132002201701
0304030155132003201701
0304030163132002201701
0304030163132003201701
0304030171132002201701
0304030171132003201701
0304030180132002201701
0304030180132003201701
0304030198132002201701
0304030198132003201701
0304030201132002201701
0304030201132003201701
0304030210132002201701
0304030210132003201701
0304030228132002201701
0304030228132003201701
0304030236132003201701
0304030244132003201701
0304040010132003201701
0304040029132003201701
0304040045132003201701
0304040053132003201701
0304040061132003201701
0304040070132003201701
0304040088132003201701
0304040096132003201701
0304040100132003201701
0304040118132003201701
0304040126132003201701
0304040134132003201701
0304040142132003201701
0304040150132003201701
0304040169132003201701
0304040177132003201701
0304040185132003201701
0304040193132003201701
0304040207132003201701
0304050016132003201701
0304050024132003201701
0304050032132003201701
0304050040132003201701
0304050067132003201701
0304050075132003201701
0304050113132003201701
0304050121132003201701
0304050130132003201701
0304050172132003201701
0304050180132003201701
0304050202132003201701
0304050210132003201701
0304050229132003201701
0304050253132003201701
0304050261132003201701
0304050270132003201701
0304050288132003201701
0304050296132003201701
0304050300132003201701
0304050318132003201701
0304050326132003201701
0304050334132003201701
0304050342132003201701
0304060011132002201701
0304060011132003201701
0304060038132002201701
0304060038132003201701
0304060046132002201701
0304060046132003201701
0304060070132002201701
0304060070132003201701
0304060089132002201701
0304060089132003201701
0304060097132002201701
0304060097132003201701
0304060100132002201701
0304060100132003201701
0304060119132002201701
0304060119132003201701
0304060127132002201701
0304060127132003201701
0304060135132002201701
0304060135132003201701
0304060151132003201701
0304060160132003201701
0304060178132003201701
0304060186132003201701
0304060208132003201701
0304060216132003201701
0304060224132002201701
0304060224132003201701
0304070017132001201701
0304070017132002201701
0304070017132003201701
0304070025132001201701
0304070025132002201701
0304070025132003201701
0304070033132001201701
0304070033132002201701
0304070033132003201701
0304070041132001201701
0304070041132002201701
0304070041132003201701
0304070050132001201701
0304070050132003201701
0304080012132001201701
0304080012132002201701
0304080012132003201701
0304080020132001201701
0304080020132002201701
0304080020132003201701
0304080039132001201701
0304080039132002201701
0304080039132003201701
0304080047132003201701
0304080055132001201701
0304080055132002201701
0304080055132003201701
0304080063132003201701
0304080071132001201701
0304080071132002201701
0304080071132003201701
0304090018151001201701
0304090026151001201701
0304090034151001201701
0304090042151001201701
0304090050151001201701
0304090069151001201701
0305010018130001201701
0305010026130001201701
0305010093130001201701
0305010107130001201701
0305010115130001201701
0305010123130001201701
0305010166130001201701
0305010204130001201701
0306010011128001201701
0306010020128001201701
0306010038128001201701
0306020017128004201701
0306020025128004201701
0306020033128004201701
0306020041128003201701
0306020050128004201701
0306020068128004201701
0306020076128004201701
0306020084128004201701
0306020092128004201701
0306020106128004201701
0306020114128004201701
0306020122128004201701
0306020130128004201701
0306020149128004201701
0306020157128004201701
0309030056142003201701
0309030064142003201701
0309030102169002201701
0309030110169002201701
0309030129169002201701
0309030137169002201701
0309050014113001201701
0309050014113002201701
0309050014113003201701
0309050014113004201701
0309050014134001201701
0309050014135001201701
0309050014135002201701
0309050014135003201701
0309050014135004201701
0309050014135005201701
0309050014135010201701
0309050014135011201701
0309050022113001201701
0309050022113002201701
0309050022113003201701
0309050022113004201701
0309050022134001201701
0309050022135001201701
0309050022135002201701
0309050022135003201701
0309050022135004201701
0309050022135005201701
0309050022135010201701
0309050022135011201701
0309050030113001201701
0309050030113002201701
0309050030113003201701
0309050030113004201701
0309050030134003201701
0309050030135001201701
0309050030135002201701
0309050030135003201701
0309050030135004201701
0309050030135005201701
0309050030135010201701
0309050030135011201701
0403010047105001201701
0403010047105002201701
0403010047105003201701
0403010047105004201701
0403010047105005201701
0403010047132005201701
0403010055105001201701
0403010055105002201701
0403010055105003201701
0403010055105004201701
0403010055105005201701
0403010055132005201701
0403010071105001201701
0403010071105002201701
0403010071105003201701
0403010071105004201701
0403010071105005201701
0403010071132005201701
0403010110105001201701
0403010110105002201701
0403010110105003201701
0403010110105004201701
0403010110105005201701
0403010110132005201701
0403010128105001201701
0403010128105002201701
0403010128105003201701
0403010128105004201701
0403010128105005201701
0403010128132005201701
0403010136105001201701
0403010136105002201701
0403010136105003201701
0403010136105004201701
0403010136105005201701
0403010144105001201701
0403010144105002201701
0403010144105003201701
0403010144105004201701
0403010144105005201701
0403010144132005201701
0403010217105001201701
0403010217105002201701
0403010217105003201701
0403010217105004201701
0403010217105005201701
0403010225105001201701
0403010225105002201701
0403010225105003201701
0403010225105004201701
0403010225105005201701
0403010233105001201701
0403010233105002201701
0403010233105003201701
0403010233105004201701
0403010233105005201701
0403010241105001201701
0403010241105002201701
0403010241105003201701
0403010241105004201701
0403010241105005201701
0403010241132005201701
0403010250105001201701
0403010250105002201701
0403010250105003201701
0403010250105004201701
0403010250105005201701
0403010250132005201701
0403010292105001201701
0403010292105002201701
0403010292105003201701
0403010292105004201701
0403010292105005201701
0403010292132005201701
0403010330105001201701
0403010330105002201701
0403010330105003201701
0403010330105004201701
0403010330105005201701
0403010357105001201701
0403010357105002201701
0403010357105003201701
0403010357105004201701
0403010357105005201701
0403010357132005201701
0403020018105001201701
0403020018105002201701
0403020018105003201701
0403020018105004201701
0403020018105005201701
0403020018132005201701
0403020018155001201701
0403020018155002201701
0403020026105001201701
0403020026105002201701
0403020026105003201701
0403020026105004201701
0403020026105005201701
0403020026132005201701
0403020026155001201701
0403020026155002201701
0403020034105001201701
0403020034105002201701
0403020034105003201701
0403020034105004201701
0403020034105005201701
0403020034132005201701
0403020034155001201701
0403020034155002201701
0403020042105001201701
0403020042105002201701
0403020042105003201701
0403020042105004201701
0403020042105005201701
0403020042132005201701
0403020042155001201701
0403020042155002201701
0403020050105001201701
0403020050105002201701
0403020050105003201701
0403020050105004201701
0403020050105005201701
0403020050132005201701
0403020050155001201701
0403020050155002201701
0403020069105001201701
0403020069105002201701
0403020069105003201701
0403020069105004201701
0403020069105005201701
0403020069132005201701
0403020069155001201701
0403020069155002201701
0403020093105001201701
0403020093105002201701
0403020093105003201701
0403020093105004201701
0403020093105005201701
0403020093132005201701
0403020115105001201701
0403020115105002201701
0403020115105003201701
0403020115105004201701
0403020115105005201701
0403020115132005201701
0403020115155001201701
0403020115155002201701
0403020131105001201701
0403020131105002201701
0403020131105003201701
0403020131105004201701
0403020131105005201701
0403020131132005201701
0403020131155001201701
0403020131155002201701
0403030013105001201701
0403030013105002201701
0403030013105003201701
0403030013105004201701
0403030013105005201701
0403030013132005201701
0403030021105001201701
0403030021105002201701
0403030021105003201701
0403030021105004201701
0403030021105005201701
0403030021132005201701
0403030030105001201701
0403030030105002201701
0403030030105003201701
0403030030105004201701
0403030030105005201701
0403030030132005201701
0403030048105001201701
0403030048105002201701
0403030048105003201701
0403030048105004201701
0403030048105005201701
0403030048132005201701
0403030056105001201701
0403030056105002201701
0403030056105003201701
0403030056105004201701
0403030056105005201701
0403030056132005201701
0403030064105001201701
0403030064105002201701
0403030064105003201701
0403030064105004201701
0403030064105005201701
0403030064132005201701
0403030080105001201701
0403030080105002201701
0403030080105003201701
0403030080105004201701
0403030080105005201701
0403030080132005201701
0403030099105001201701
0403030099105002201701
0403030099105003201701
0403030099105004201701
0403030099105005201701
0403030099132005201701
0403030102105001201701
0403030102105002201701
0403030102105003201701
0403030102105004201701
0403030102105005201701
0403030102132005201701
0403030110105001201701
0403030110105002201701
0403030110105003201701
0403030110105004201701
0403030110105005201701
0403030110132005201701
0403030129105001201701
0403030129105002201701
0403030129105003201701
0403030129105004201701
0403030129105005201701
0403030129132005201701
0403030137105001201701
0403030137105002201701
0403030137105003201701
0403030137105004201701
0403030137105005201701
0403030137132005201701
0403030145105001201701
0403030145105002201701
0403030145105003201701
0403030145105004201701
0403030145105005201701
0403030145132005201701
0403030153105001201701
0403030153105002201701
0403030153105003201701
0403030153105004201701
0403030153105005201701
0403030153132005201701
0403030161105001201701
0403030161105002201701
0403030161105003201701
0403030161105004201701
0403030161105005201701
0403030161132005201701
0403040019105001201701
0403040019105002201701
0403040019105003201701
0403040019105004201701
0403040019105005201701
0403040027105001201701
0403040027105002201701
0403040027105003201701
0403040027105004201701
0403040027105005201701
0403040027132005201701
0403040051105001201701
0403040051105002201701
0403040051105003201701
0403040051105004201701
0403040051105005201701
0403040060105001201701
0403040060105002201701
0403040060105003201701
0403040060105004201701
0403040060105005201701
0403040078105001201701
0403040078105002201701
0403040078105003201701
0403040078105004201701
0403040078105005201701
0403040086105001201701
0403040086105002201701
0403040086105003201701
0403040086105004201701
0403040086105005201701
0403040086132005201701
0403040094105001201701
0403040094105002201701
0403040094105003201701
0403040094105004201701
0403040094105005201701
0403040108105001201701
0403040108105002201701
0403040108105003201701
0403040108105004201701
0403040108105005201701
0403040116105001201701
0403040116105002201701
0403040116105003201701
0403040116105004201701
0403040116105005201701
0403040124105001201701
0403040124105002201701
0403040124105003201701
0403040124105004201701
0403040124105005201701
0403050030105001201701
0403050030105002201701
0403050030105003201701
0403050030105004201701
0403050030105005201701
0403050030132005201701
0403050049105001201701
0403050049105002201701
0403050049105003201701
0403050049105004201701
0403050049105005201701
0403050049132005201701
0403050057105008201701
0403050065105001201701
0403050065105002201701
0403050065105003201701
0403050065105004201701
0403050065105005201701
0403050065132005201701
0403050073105001201701
0403050073105002201701
0403050073105003201701
0403050073105004201701
0403050073105005201701
0403050073132005201701
0403050090105001201701
0403050090105002201701
0403050090105003201701
0403050090105004201701
0403050090105005201701
0403050090132005201701
0403050103105001201701
0403050103105002201701
0403050103105003201701
0403050103105004201701
0403050103105005201701
0403050103132005201701
0403050154105001201701
0403050154105002201701
0403050154105003201701
0403050154105004201701
0403050154105005201701
0403050154132005201701
0403050162105001201701
0403050162105002201701
0403050162105003201701
0403050162105004201701
0403050162105005201701
0403050162132005201701
0403060010105006201701
0403060028105006201701
0403060036105006201701
0403060044105006201701
0403060052105006201701
0403060060105006201701
0403060079105006201701
0403060087105006201701
0403060095105006201701
0403070015105007201701
0403070040105007201701
0403070058105007201701
0403070082105007201701
0403070090105007201701
0403070104105007201701
0403070112105007201701
0403070120105007201701
0403070139105007201701
0403070139132005201701
0403070147105007201701
0403070155105007201701
0403070163105007201701
0403080010105008201701
0403080029105008201701
0403080037105008201701
0403080045105008201701
0403080053105008201701
0403080061105008201701
0403080070105008201701
0403080088105008201701
0403080096105008201701
0403080100105008201701
0404010563153002201701
0404010571107008201701
0404010580107008201701
0404010598107008201701
0404010601107008201701
0404010610107008201701
0404010628107008201701
0404010636107008201701
0404010644107008201701
0404020445114006201701
0404020445114007201701
0405010010131003201701
0405010028131003201701
0405010036131003201701
0405010044131003201701
0405010052131003201701
0405010060131003201701
0405010079131003201701
0405010087131003201701
0405010109131003201701
0405010117131003201701
0405010125131003201701
0405010125132001201701
0405010125132005201701
0405010133131003201701
0405010133132001201701
0405010133132005201701
0405010141131003201701
0405010150131003201701
0405010168131003201701
0405010176131003201701
0405010184131003201701
0405010192131003201701
0405010206131003201701
0405020015131003201701
0405020015131006201701
0405020015131007201701
0405020023131003201701
0405020023131006201701
0405020023131007201701
0405030010131003201701
0405030010132001201701
0405030010132005201701
0405030029131003201701
0405030037131003201701
0405030045131003201701
0405030045131006201701
0405030045131007201701
0405030053131003201701
0405030070131003201701
0405030096131003201701
0405030100131003201701
0405030118131003201701
0405030126131003201701
0405030126132001201701
0405030126132005201701
0405030134131003201701
0405030142131003201701
0405030150131003201701
0405030169131003201701
0405030177131003201701
0405030185131003201701
0405030193131003201701
0405030207131003201701
0405030215131003201701
0405030223131003201701
0405030231131003201701
0405040016131003201701
0405040024131003201701
0405040024132001201701
0405040024132005201701
0405040040131003201701
0405040059131003201701
0405040067131003201701
0405040067132001201701
0405040067132005201701
0405040075131003201701
0405040075132001201701
0405040075132005201701
0405040083131003201701
0405040083132001201701
0405040083132005201701
0405040091131003201701
0405040091132001201701
0405040091132005201701
0405040105131003201701
0405040130131003201701
0405040148131003201701
0405040148132001201701
0405040148132005201701
0405040156131003201701
0405040156132001201701
0405040156132005201701
0405040164131003201701
0405040164132001201701
0405040164132005201701
0405040180131003201701
0405040199131003201701
0405040202131003201701
0405040210131003201701
0405050011131003201701
0405050020131003201701
0405050038131003201701
0405050046131003201701
0405050054131003201701
0405050062131003201701
0405050070131003201701
0405050089131003201701
0405050089132001201701
0405050089132005201701
0405050097131003201701
0405050100131003201701
0405050119131003201701
0405050127131003201701
0405050135131003201701
0405050143131003201701
0405050151131003201701
0405050160131003201701
0405050178131003201701
0405050186131003201701
0405050194131003201701
0405050208131003201701
0405050208132001201701
0405050208132005201701
0405050216131003201701
0405050224131003201701
0405050232131003201701
0405050240131003201701
0405050259131003201701
0405050267131003201701
0405050283131003201701
0405050291131003201701
0405050305131003201701
0405050313131003201701
0405050321131003201701
0405050356131003201701
0405050364131003201701
0405050372131003201701
0405050372131006201701
0405050372131007201701
0405050380131003201701
0405050399131003201701
0406010013116003201701
0406010021116002201701
0406010021116003201701
0406010048116002201701
0406010048116003201701
0406010056116002201701
0406010056116003201701
0406010064116002201701
0406010064116003201701
0406010072116002201701
0406010072116003201701
0406010080116002201701
0406010080116003201701
0406010099116002201701
0406010099116003201701
0406010137116002201701
0406010137116003201701
0406010137116004201701
0406010153116003201701
0406010161116002201701
0406010161116003201701
0406010170116002201701
0406010170116003201701
0406010188116002201701
0406010188116003201701
0406010196116003201701
0406010200116002201701
0406010200116003201701
0406010218116002201701
0406010218116003201701
0406010226116003201701
0406010234116002201701
0406010234116003201701
0406010242116002201701
0406010242116003201701
0406010250116003201701
0406010269116003201701
0406010277116003201701
0406010285116003201701
0406010293116002201701
0406010293116003201701
0406010307116002201701
0406010307116003201701
0406010315116002201701
0406010315116003201701
0406010323116002201701
0406010323116003201701
0406010331116003201701
0406010340116002201701
0406010340116003201701
0406010358116002201701
0406010358116003201701
0406010366116003201701
0406010374116003201701
0406010382116002201701
0406010382116003201701
0406010390116002201701
0406010390116003201701
0406010404116002201701
0406010404116003201701
0406010420116003201701
0406010439116002201701
0406010439116003201701
0406010447116003201701
0406010455116002201701
0406010455116003201701
0406010463116003201701
0406010471116003201701
0406010480116002201701
0406010480116003201701
0406010498116003201701
0406010501116002201701
0406010501116003201701
0406010528116002201701
0406010528116003201701
0406010536116002201701
0406010536116003201701
0406010544116002201701
0406010544116003201701
0406010552116002201701
0406010552116003201701
0406010560116002201701
0406010560116003201701
0406010579116002201701
0406010579116003201701
0406010617116002201701
0406010617116005201701
0406010722116002201701
0406011230116002201701
0406011230116003201701
0406011249116002201701
0406011249116003201701
0406011257116002201701
0406011257116003201701
0407010122127001201701
0407010173127001201701
0407010181127001201701
0407010360127001201701
0407010378127001201701
0407030085121006201701
0407030093121006201701
0407030107121006201701
0407030115121006201701
0407030239121006201701
0409010189169002201701
0409050130153002201701
0409050148153002201701
0409060291153002201701
0410010197153002201701
0410010200153002201701
0413010015117002201701
0413010015140001201701
0413010015140002201701
0413010015140019201701
0413010031117002201701
0413010040117002201701
0413010058117002201701
0413010066117002201701
0413010066140001201701
0413010066140002201701
0413010066140019201701
0413010074117002201701
0413010082117002201701
0413010082140001201701
0413010082140002201701
0413010082140012201701
0413010082140019201701
0413010090117002201701
0413010090140001201701
0413010090140002201701
0413010090140003201701
0413010090140006201701
0413010090140019201701
0413030016117001201701
0413030024117001201701
0413030032117001201701
0413030040117001201701
0413030040117003201701
0413030059117001201701
0413030067117001201701
0413030075117001201701
0413030083117001201701
0413040038127001201701
0413040054127001201701
0413040062127001201701
0413040070127001201701
0413040089127001201701
0413040259127001201701
0415020018127001201701
0415020050132005201701
0416010016132005201701
0416010024132005201701
0416010032132005201701
0416010040132005201701
0416010075132005201701
0416010091132005201701
0416010113132005201701
0416010121132005201701
0416010130132005201701
0416010164132005201701
0416010172132005201701
0416010180132005201701
0416010199132005201701
0416010202132005201701
0416010210132005201701
0416010229132005201701
0416020020132005201701
0416020151132005201701
0416020160132005201701
0416020178132005201701
0416020186132005201701
0416020194132005201701
0416020208132005201701
0416020216132005201701
0416020224132005201701
0416020232132005201701
0416020240132005201701
0416020259132005201701
0416030017132005201701
0416030025132005201701
0416030033132005201701
0416030041132005201701
0416030068132005201701
0416030076132005201701
0416030084132005201701
0416030092132005201701
0416030149132005201701
0416030157132005201701
0416030165132005201701
0416030173132005201701
0416030181132005201701
0416030190132005201701
0416030203132005201701
0416030211132005201701
0416030220132005201701
0416030238132005201701
0416030246132005201701
0416030254132005201701
0416030262132005201701
0416030270132005201701
0416030289132005201701
0416030297132005201701
0416030300132005201701
0416030319132005201701
0416030327132005201701
0416030335132005201701
0416030343132005201701
0416030351132005201701
0416030360132005201701
0416040012132005201701
0416040020132005201701
0416040039132005201701
0416040047132005201701
0416040055132005201701
0416040071132005201701
0416040101132005201701
0416040110132005201701
0416040128132005201701
0416040144132005201701
0416040179132005201701
0416040187132005201701
0416040195132005201701
0416040209132005201701
0416040217132005201701
0416040225132005201701
0416040233132005201701
0416040241132005201701
0416040250132005201701
0416040268132005201701
0416040276132005201701
0416050018132005201701
0416050026132005201701
0416050034132005201701
0416050050132005201701
0416050077132005201701
0416050093132005201701
0416050107132005201701
0416050115132005201701
0416060013132005201701
0416060021132005201701
0416060030132005201701
0416060056132005201701
0416060064132005201701
0416060080132005201701
0416060099132005201701
0416060102132005201701
0416060110132005201701
0416060129132005201701
0416080014132005201701
0416080030132005201701
0416080081132005201701
0416080090132005201701
0416080111132005201701
0416080120132005201701
0416090010132005201701
0416090028132005201701
0416090036132005201701
0416090079132005201701
0416090109132005201701
0416090117132005201701
0416090125132005201701
0416090133132005201701
0416110010132005201701
0416110029132005201701
0416110037132005201701
0416110045132005201701
0416110053132005201701
0416110061132005201701
0416110070132005201701
0416110088132005201701
0416120024132005201701
0416120032132005201701
0416120040132005201701
0416120059132005201701
0418010013150002201701
0418010021150002201701
0418010030150001201701
0418010048130003201701
0418010064130003201701
0418010080130003201701
0418010099130003201701
0418020019130003201701
0418020027130003201701
0418020035130003201701
0501010017128001201701
0501060014121001201701
0501060014121007201701
0501060014149015201701
0501060022149015201701
0501060022151001201701
0501060022151003201701
0501060030121002201701
0501060030121008201701
0501060030149015201701
0501060049122004201701
0501060049122008201701
0501060049149015201701
0501060057121001201701
0501060057121002201701
0501060057121007201701
0501060057121008201701
0501060057122004201701
0501060057122008201701
0501060057149015201701
0501060057151001201701
0501060057151003201701
0501070028145003201701
0501070036145003201701
0501080031145008201701
0501080104145008201701
0502010010149015201701
0502010029149015201701
0503010014149015201701
0503010022149015201701
0503030015149015201701
0503030023149015201701
0503030031149015201701
0503030040149015201701
0503030058149015201701
0503030058149016201701
0503030066149015201701
0503030074149015201701
0503030082149015201701
0503030090149015201701
0503030104149015201701
0503040010149015201701
0503040029149015201701
0503040037149015201701
0503040045149015201701
0503040053149015201701
0503040061149015201701
0503040088149015201701
0504020013154002201701
0504020021154002201701
0504020030154002201701
0504020048154002201701
0504020056154002201701
0504030019154001201701
0504030027154001201701
0506010023149014201701
0506010058149015201701
0602010012125004201701
0602010020125004201701
0602010039125004201701
0602010047125004201701
0602010055125004201701
0602010063125004201701
0602010071125004201701
0602010080125004201701
0602010098125004201701
0602010110125004201701
0602010128125004201701
0602010136125004201701
0602010144125004201701
0602010152125004201701
0602010160125004201701
0603010016125006201701
0603020011125006201701
0603020020125006201701
0603020038125006201701
0603020046125006201701
0603020054125006201701
0603020062125006201701
0603020070125006201701
0603020089125006201701
0603020097125006201701
0603020100125006201701
0603030017125006201701
0603030025125006201701
0603030033125006201701
0603030041125006201701
0603040012125006201701
0603050018125006201701
0603050026125006201701
0603050034125006201701
0603050042125006201701
0603050050125006201701
0603050069125006201701
0603050077125006201701
0603050085125006201701
0603050093125006201701
0603050107125006201701
0603050115103003201701
0603050115103005201701
0603050115103012201701
0603050123103003201701
0603050123103005201701
0603050123103012201701
0603060013125006201701
0603070019125006201701
0603070027125006201701
0603070035125006201701
0603070043125006201701
0603070051125006201701
0603080014125006201701
0603080022125006201701
0603080030125006201701
0603080049125006201701
0603080057125006201701
0603080065125006201701
0603080073125006201701
0603080081125006201701
0603080090125006201701
0603080103125006201701
0603080111125006201701
0603080120125006201701
0603080138125006201701
0603080146125006201701
0603080154125006201701
0603080162125006201701
0603080170125006201701
0603080189125006201701
0603080197125006201701
0603080200125006201701
0603080219125006201701
0603080227125006201701
0604010010125001201701
0604010028125001201701
0604010036125001201701
0604010044125001201701
0604010052125001201701
0604010060125001201701
0604010079125001201701
0604010087125001201701
0604010095125001201701
0604020015125001201701
0604020023125001201701
0604020031125001201701
0604020040125001201701
0604020058125001201701
0604030010125001201701
0604030037125001201701
0604030045125001201701
0604030053125001201701
0604030061125001201701
0604040016125001201701
0604040024125001201701
0604040032125001201701
0604040040125001201701
0604040059125001201701
0604040067125001201701
0604040075125001201701
0604040091125001201701
0604050011125001201701
0604050020125001201701
0604050038125001201701
0604050046125001201701
0604050054125001201701
0604050062125001201701
0604050070125001201701
0604050089125001201701
0604050097125001201701
0604050100125001201701
0604050119125001201701
0604060017125001201701
0604060025125001201701
0604070012125001201701
0604080018125001201701
0604080026125001201701
0604090013125001201701
0604100019125001201701
0604110014125001201701
0604110022125001201701
0604110030125001201701
0604110049125001201701
0604110057125001201701
0604110065125001201701
0604120010125001201701
0604130015125001201701
0604130023125001201701
0604130031125001201701
0604130040125001201701
0604130058125001201701
0604130066125001201701
0604130074125001201701
0604130082125001201701
0604130090125001201701
0604130104125001201701
0604130112125001201701
0604140029125001201701
0604140037125001201701
0604150016125001201701
0604150024125001201701
0604160011125001201701
0604160020125001201701
0604160046125001201701
0604160054125001201701
0604170017125001201701
0604170025125001201701
0604170033125001201701
0604170041125001201701
0604170050125001201701
0604180012125001201701
0604180020125001201701
0604190018125001201701
0604200013125001201701
0604210019125001201701
0604210027125001201701
0604220014125001201701
0604230010125001201701
0604230028125001201701
0604230036125001201701
0604230044125001201701
0604230052125001201701
0604230060125001201701
0604230079125001201701
0604230087125001201701
0604240015125001201701
0604240023125001201701
0604240031125001201701
0604240040125001201701
0604240058125001201701
0604250010125001201701
0604260016125001201701
0604270011125001201701
0604270020125001201701
0604270038125001201701
0604270046125001201701
0604270054125001201701
0604270062125001201701
0604270070125001201701
0604270089125001201701
0604270097125001201701
0604270100125001201701
0604270119125001201701
0604280068125001201701
0604280076125001201701
0604280084125001201701
0604280092125001201701
0604280106125001201701
0604290012125001201701
0604290020125001201701
0604290039125001201701
0604290047125001201701
0604290063125001201701
0604290071125001201701
0604290080125001201701
0604300018125001201701
0604300026125001201701
0604300034125001201701
0604310013125001201701
0604310021125001201701
0604310030125001201701
0604310048125001201701
0604310056125001201701
0604310064125001201701
0604320019125001201701
0604320027125001201701
0604320035125001201701
0604320043125001201701
0604320051125001201701
0604320060125001201701
0604320078125001201701
0604320086125001201701
0604320094125001201701
0604320116125001201701
0604320124125001201701
0604320132125001201701
0604320140125001201701
0604330014125001201701
0604330022125001201701
0604340010125001201701
0604340028125001201701
0604340036125001201701
0604340044125001201701
0604340052125001201701
0604340060125001201701
0604340079125001201701
0604350015125001201701
0604350023125001201701
0604350031125001201701
0604360010125001201701
0604360029125001201701
0604360037125001201701
0604360045125001201701
0604360053125001201701
0604360061125001201701
0604360070125001201701
0604360088125001201701
0604360096125001201701
0604360100125001201701
0604360118125001201701
0604360126125001201701
0604370016125001201701
0604370024125001201701
0604380011125001201701
0604380020125001201701
0604380038125001201701
0604380046125001201701
0604380054125001201701
0604380062125001201701
0604380070125001201701
0604380089125001201701
0604390017125001201701
0604390025125001201701
0604390033125001201701
0604390041125001201701
0604390050125001201701
0604390068125001201701
0604390076125001201701
0604390084125001201701
0604390092125001201701
0604390106125001201701
0604390114125001201701
0604400012125001201701
0604410018125001201701
0604410026125001201701
0604410034125001201701
0604420013125001201701
0604430019125001201701
0604440014125001201701
0604450010125001201701
0604460015125001201701
0604460023125001201701
0604460031125001201701
0604460040125001201701
0604460058125001201701
0604460066125001201701
0604470010125001201701
0604470029125001201701
0604470037125001201701
0604470045125001201701
0604470053125001201701
0604480016125001201701
0604490011125001201701
0604490020125001201701
0604500017125001201701
0604500025125001201701
0604500033125001201701
0604500041125001201701
0604500050125001201701
0604500068125001201701
0604500076125001201701
0604500084125001201701
0604510012125001201701
0604510020125001201701
0604510039125001201701
0604510047125001201701
0604520018125001201701
0604530013125001201701
0604530021125001201701
0604530030125001201701
0604540019125001201701
0604550014125001201701
0604550022125001201701
0604560010125001201701
0604570015125001201701
0604570023125001201701
0604570031125001201701
0604580010125001201701
0604580029125001201701
0604590016125001201701
0604590024125001201701
0604600011125001201701
0604600020125001201701
0604610017125001201701
0604610025125001201701
0604620012125001201701
0604620020125001201701
0604620039125001201701
0604620047125001201701
0604630018125001201701
0604640030125001201701
0604650019125001201701
0604650027125001201701
0604650035125001201701
0604660014125001201701
0604660022125001201701
0604660030125001201701
0604670010125001201701
0604680023125001201701
0604690010125001201701
0604700016125001201701
0604710011125001201701
0604710020125001201701
0604720017125001201701
0604720025125001201701
0604730012125001201701
0604740018125001201701
0604750013125001201701
0604750021125001201701
0604750030125001201701
0604750048125001201701
0604760019125001201701
0604760027125001201701
0604760035125001201701
0701010010164001201701
0701010029164001201701
0701010037164001201701
0701010045164001201701
0701010053164001201701
0701010061164001201701
0701010070164001201701
0701010088164001201701
0701010096164001201701
0701010100164001201701
0701010118164001201701
0701010126164001201701
0701010134164001201701
0701010142164001201701
0701010150164001201701
0701010169164001201701
0701010177164001201701
0701010185164002201701
0701010193164002201701
0701010207164001201701
0701010207164002201701
0701010215164001201701
0701010215164002201701
0701010223164001201701
0701010223164002201701
0701010231164001201701
0701010231164002201701
0701010240164001201701
0701010240164002201701
0701010258164001201701
0701010258164002201701
0701010266164001201701
0701010266164002201701
0701010274164001201701
0701010274164002201701
0701010282164001201701
0701010282164002201701
0701010290164001201701
0701010290164002201701
0701010304164001201701
0701010304164002201701
0701010312164001201701
0701010312164002201701
0701010320164001201701
0701010320164002201701
0701010339164001201701
0701010339164002201701
0701020016164003201701
0701020024164003201701
0701020032164003201701
0701020040164003201701
0701020059164003201701
0701020067164003201701
0701020075164003201701
0701020083164003201701
0701020091164003201701
0701020105164003201701
0701020113164003201701
0701020121164003201701
0701020130164003201701
0701020148164003201701
0701020156164003201701
0701020164164003201701
0701020172164003201701
0701020180164003201701
0701020199164003201701
0701020202164003201701
0701020210164003201701
0701020229164003201701
0701020237164003201701
0701020245164003201701
0701020253164003201701
0701020261164003201701
0701020270164003201701
0701020288164003201701
0701020296164003201701
0701020300164003201701
0701020318164003201701
0701020326164003201701
0701020334164003201701
0701020342164003201701
0701020350164003201701
0701020369164003201701
0701020377164003201701
0701020385164003201701
0701020393164003201701
0701020407164003201701
0701020415164003201701
0701020423164003201701
0701020431164003201701
0701020440164003201701
0701020458164003201701
0701020466164003201701
0701020474164003201701
0701020482164003201701
0701020490164003201701
0701020504164003201701
0701020512164003201701
0701020520164003201701
0701020539164003201701
0701020547164003201701
0701020555164003201701
0701020563164003201701
0701020571164004201701
0701020580164004201701
0701020598164001201701
0701020601164001201701
0701020610164001201701
0701020628164001201701
0701020636164001201701
0701020644164001201701
0701020652164001201701
0701030011164005201701
0701030020164005201701
0701030038164005201701
0701030046164005201701
0701030054164005201701
0701030062164005201701
0701030070164005201701
0701030089164005201701
0701030097164005201701
0701030100164005201701
0701030119164005201701
0701030127164005201701
0701030135164005201701
0701030143164005201701
0701030151164005201701
0701030160164005201701
0701030178164005201701
0701030186164005201701
0701030194164005201701
0701030208164005201701
0701030216164005201701
0701030224164005201701
0701030232164005201701
0701030240164005201701
0701030259164005201701
0701030267164005201701
0701030275164005201701
0701030283164005201701
0701030291164005201701
0701030305164006201701
0701030321164005201701
0701030321164006201701
0701040017164007201701
0701040025164007201701
0701040033164007201701
0701040041164007201701
0701040050164007201701
0701040068164007201701
0701040092164007201701
0701040106164007201701
0701040114164007201701
0701040122164007201701
0701040130164007201701
0701040149164008201701
0701040157164008201701
0701050012135012201701
0701050012135013201701
0701050020135012201701
0701050020135013201701
0701050047135012201701
0701050047135013201701
0701060018135012201701
0701060018135013201701
0701060026135012201701
0701060026135013201701
0701060034135012201701
0701060034135013201701
0701060042135012201701
0701060042135013201701
0701070013123007201701
0701070021123007201701
0701070030123007201701
0701070048123007201701
0701070056123007201701
0701070064123007201701
0701070072123007201701
0701070080123007201701
0701070099157001201701
0701070102157001201701
0701070110123007201701
0701070129157001201701
0701070137157001201701
0701070145157001201701
0701070161123007201701
0701070161123008201701
0701070170123007201701
0701070170123008201701
0701080027123008201701
0701080043123008201701
0701080051123008201701
0701080060123008201701
0701080078123008201701
0701080086123008201701
0701080094123008201701
0701080132123008201701
0701080140123008201701
0701080159123008201701
0701080167123008201701
0701080175123008201701
0701080183123008201701
0701080191123008201701
0701090014164009201701
0701090022164009201701
0701090030164009201701
0701090049164009201701
0701090057164009201701
0701090065164009201701
0701090073164009201701
0701090081164009201701
0701090090164009201701
0701090103107008201701
0701090111107008201701
0701090120107008201701
0701090138107008201701
0701090146107008201701
0701090154107008201701
0701090162107008201701
0701090170107008201701
0701090189107008201701
0701090197107008201701
0701090200107008201701
0701090219107008201701
0701090227107008201701
0701090235107008201701
0701100010123010201701
0701100028123010201701
0701100036123010201701
0701100044123010201701
0701100052123010201701
0701100060123010201701
0701100079123010201701
0701100087123010201701
0701100095123010201701
0701100109123010201701
0702070041131002201701
0702070050131002201701
0702090050107008201701
0702090069107008201701
0702090077107008201701
0702090085107008201701
0702090093107008201701
0702100013130001201701
0702100021130001201701
0702100030130001201701
0702100048130001201701
0702100056130001201701
0702100064130001201701
0702100072130001201701
0702100080130001201701
0702100099130001201701
0702100102130001201701
