020101003801201701
020101012701201701
020101012709201701
020101013501201701
020101013509201701
020101014301201701
020101014307201701
020101014309201701
020101016001201701
020101016009201701
020101020801201701
020101020809201701
020101024001201701
020101024007201701
020101024009201701
020101025901201701
020101026701201701
020101026707201701
020101026709201701
020101027503201701
020101027507201701
020101027509201701
020101030501201701
020101030507201701
020101030509201701
020101031301201701
020101031307201701
020101031309201701
020101032101201701
020101032107201701
020101032109201701
020101033001201701
020101033007201701
020101033009201701
020101040201201701
020101040207201701
020101040209201701
020101053401201701
020101053409201701
020101055001201701
020101055009201701
020904003301201701
020904003307201701
020904003309201701
020904005001201701
020904005007201701
020904005009201701
021105009101201701
021105010503201701
021105010507201701
021105010509201701
021105014801201701
030106001003201701
030106001007201701
030106007001201701
030106007003201701
030106007007201701
030106007009201701
030106008803201701
030109001703201701
030109001709201701
030109001713201701
030109002503201701
030109002509201701
030109002513201701
030301001003201701
030301001007201701
030301002903201701
030301002907201701
030301003703201701
030301003707201701
030301004503201701
030301004507201701
030301005303201701
030301005307201701
030301006103201701
030301006107201701
030301007003201701
030301007007201701
030301008803201701
030301008807201701
030301009603201701
030301009607201701
030301010003201701
030301010007201701
030301011803201701
030301011807201701
030301012603201701
030301012607201701
030301013403201701
030301013407201701
030301014203201701
030301014207201701
030301015003201701
030301015007201701
030301016903201701
030301016907201701
030301017703201701
030301017707201701
030301018503201701
030301018507201701
030301019303201701
030301019307201701
030301020703201701
030301020707201701
030301021503201701
030301021506201701
030301021507201701
030302003203201701
030302003207201701
030302004003201701
030302004007201701
030302005903201701
030302005907201701
030302006703201701
030302006707201701
030302007503201701
030302007507201701
030302008303201701
030302008307201701
030303001107201701
030303001111201701
030303002003201701
030303002007201701
030303003803201701
030303003807201701
030303004603201701
030303004607201701
030303005403201701
030303005407201701
030303006203201701
030303006207201701
030304001703201701
030304001707201701
030304002503201701
030304002507201701
030304003303201701
030304003307201701
030304004103201701
030304004107201701
030304005003201701
030304005007201701
030304006803201701
030304006807201701
030304007603201701
030304007607201701
030304008401201701
030304008403201701
030304008407201701
030304009201201701
030304009203201701
030304009207201701
030304010603201701
030304010607201701
030304011401201701
030304011403201701
030304011407201701
030304012201201701
030304012203201701
030304012207201701
030304013003201701
030304013007201701
030304014903201701
030304014907201701
030304015703201701
030304015707201701
030304016503201701
030304016507201701
030304017303201701
030304017307201701
030304018103201701
030304019003201701
030304019007201701
030304020303201701
030304020307201701
030304021103201701
030304021107201701
030304022003201701
030304022007201701
030304023803201701
030304023807201701
030304024603201701
030304024607201701
030304025403201701
030304025407201701
030304026203201701
030304026207201701
030304027003201701
030304027007201701
030304028903201701
030304029703201701
030304029707201701
030304030003201701
030305013603201701
030305013607201701
030305014403201701
030305014407201701
030306001803201701
030306001807201701
030306002603201701
030306002607201701
030306003403201701
030306003407201701
030306004203201701
030306004207201701
030306005003201701
030306005007201701
030306006903201701
030306006907201701
030306007703201701
030306007707201701
030306008503201701
030306008507201701
030306009303201701
030306009307201701
030306010703201701
030306010707201701
030306011503201701
030306011507201701
030306012303201701
030306012307201701
030306013103201701
030306013107201701
030306014003201701
030306014007201701
030306015803201701
030306016603201701
030306016607201701
030306017403201701
030306017407201701
030306018203201701
030306018207201701
030306019003201701
030306019007201701
030306020403201701
030306020407201701
030306021203201701
030306021207201701
030306022001201701
030306022003201701
030306022007201701
030306023903201701
030306023907201701
030306024703201701
030306024707201701
030306025503201701
030306026303201701
030306026307201701
030306027103201701
030306027107201701
030306028003201701
030306028007201701
030306029803201701
030306029807201701
030306030103201701
030306030107201701
030307006403201701
030307006407201701
030307007203201701
030307007207201701
030307008003201701
030307008007201701
030307009903201701
030307009907201701
030307010203201701
030307010207201701
030307011003201701
030307011007201701
030307012903201701
030307012907201701
030307013701201701
030308004303201701
030308004307201701
030308005103201701
030308005107201701
030308006003201701
030308006007201701
030308007803201701
030308007807201701
030308008603201701
030308008607201701
030308009403201701
030308009407201701
030309013803201701
030309013807201701
030309013809201701
030309019703201701
030309019707201701
030309019709201701
030309023503201701
030309023507201701
030309023509201701
030309031603201701
030309031607201701
030310001002201701
030310001003201701
030310001007201701
030310002802201701
030310002803201701
030310002807201701
030310003602201701
030310003603201701
030310003607201701
030310004402201701
030310004403201701
030310004407201701
030310005202201701
030310005203201701
030310005207201701
030311001503201701
030311001507201701
030311002303201701
030311002307201701
030311003103201701
030311003107201701
030311004003201701
030311004007201701
030311005803201701
030311005807201701
030311006603201701
030311006607201701
030311007403201701
030311007407201701
030311008203201701
030311008207201701
030311009003201701
030311009007201701
030311010403201701
030311010407201701
030311011203201701
030311011207201701
030313001604201701
030313002404201701
030313003204201701
030313004004201701
030313005904201701
030313006704201701
030313007504201701
030313008304201701
030314002003201701
030314002007201701
030314003803201701
030314003807201701
030314004603201701
030314004607201701
030314005403201701
030314005407201701
030314006203201701
030314006207201701
030314007003201701
030314007007201701
030314008903201701
030314008907201701
030314009703201701
030314009707201701
030314010003201701
030314010007201701
030314011903201701
030314011907201701
030314012703201701
030314012707201701
030314013503201701
030314013507201701
030314014303201701
030314014307201701
030314015103201701
030314015107201701
030315001703201701
030315001707201701
030315002503201701
030315002507201701
030315003303201701
030315003307201701
030315004103201701
030315004107201701
030315005003201701
030315005007201701
030315006803201701
030315006807201701
030316001207201701
030316002002201701
030316002003201701
030316002007201701
030316003907201701
030316004707201701
030316005507201701
030316006307201701
030316007107201701
030317009305201701
030317009307201701
030317010707201701
030317010714201701
030317013102201701
030317013103201701
030317013105201701
030317013107201701
030317013187201701
030317014002201701
030317014003201701
030317014005201701
030317014007201701
030317014087201701
030317015802201701
030317015803201701
030317015805201701
030317015807201701
030317015887201701
030317016602201701
030317016603201701
030317016605201701
030317016607201701
030317016687201701
030317017402201701
030317017403201701
030317017405201701
030317017407201701
030317017487201701
030317018202201701
030317018203201701
030317018205201701
030317018207201701
030317018287201701
030318001303201701
030318001307201701
030318003003201701
030318003007201701
030318004803201701
030318004807201701
030318005603201701
030318005607201701
030318006403201701
030318006407201701
030318007207201701
030318007210201701
030319001903201701
030319001907201701
030319001908201701
030401004903201701
030401005703201701
030401006503201701
030401011103201701
030401011107201701
030401016203201701
030401032403201701
030401033203201701
030408002003201701
030408002007201701
030408003903201701
030408003907201701
030408003909201701
030408004703201701
030408006303201701
030409001803201701
030409001807201701
030409002603201701
030409002607201701
030409003403201701
030409003407201701
030409004203201701
030409004207201701
030410001303201701
030410001307201701
030410001309201701
030410002103201701
030410002107201701
030501017403201701
030501017407201701
030502001303201701
030502001307201701
030502002103201701
030502002107201701
030502003003201701
030502003007201701
030502004803201701
030502004807201701
030502005603201701
030502005607201701
030701005801201701
030701005803201701
030701005807201701
030701005809201701
030702003701201701
030702003703201701
030702003707201701
030702003709201701
030702004501201701
030702004503201701
030702004507201701
030702004509201701
030702005301201701
030702005303201701
030702005307201701
030702005309201701
030702006101201701
030702006103201701
030702006107201701
030702006109201701
030702008801201701
030702008803201701
030702008807201701
030702008809201701
030702009601201701
030702009603201701
030702009607201701
030702009609201701
030702010001201701
030702010003201701
030702010007201701
030702010009201701
030702011801201701
030702011803201701
030702011807201701
030702011809201701
030703003201201701
030703003203201701
030703003207201701
030703003209201701
030704001101201701
030704001103201701
030704001107201701
030704001109201701
030704006201201701
030704006203201701
030704006207201701
030704006209201701
030704008901201701
030704008903201701
030704008907201701
030704008909201701
030801001901201701
030801001903201701
030801001907201701
030801002703201701
030801002707201701
030801003501201701
030801003503201701
030801003507201701
030801004301201701
030801004303201701
030801004307201701
030802002203201701
030802002207201701
030802003003201701
030802003007201701
030803001003201701
030803001007201701
030803002803201701
030803002807201701
030803003601201701
030803003603201701
030803003607201701
030803003683201701
030804001501201701
030804001503201701
030804001507201701
030804002303201701
030804002307201701
030901003901201701
030901003903201701
030901003907201701
031001003901201701
031001003902201701
031001003903201701
031001004701201701
031001004702201701
031001004703201701
031001005502201701
040102001001201701
040102001007201701
040102001009201701
040102002901201701
040102002907201701
040102002909201701
040102003701201701
040102003707201701
040102003709201701
040102004501201701
040102004507201701
040102004509201701
040102005301201701
040102005307201701
040102005309201701
040102006101201701
040102006107201701
040102006109201701
040102007001201701
040102007007201701
040102007009201701
040102008801201701
040102008807201701
040102008809201701
040102009601201701
040102009607201701
040102009609201701
040102010001201701
040102010007201701
040102010009201701
040102011801201701
040102011807201701
040102011809201701
040102012601201701
040102012607201701
040102012609201701
040102013401201701
040102013409201701
040102014201201701
040102014207201701
040102014209201701
040102015001201701
040102015007201701
040102015009201701
040102016901201701
040102016907201701
040102016909201701
040201001901201701
040201001907201701
040201002701201701
040201002707201701
040201003501201701
040201003507201701
040201003509201701
040201004301201701
040201004307201701
040201004309201701
040201005101201701
040201005107201701
040202001401201701
040202001407201701
040202002201201701
040202002207201701
040301001201201701
040301001207201701
040301002001201701
040301002007201701
040301003901201701
040301003907201701
040301004701201701
040301004707201701
040301005501201701
040301005507201701
040301006301201701
040301006307201701
040301007101201701
040301007107201701
040301008001201701
040301008007201701
040301008009201701
040301009801201701
040301009807201701
040301010101201701
040301010107201701
040301011001201701
040301011007201701
040301012801201701
040301012807201701
040301013601201701
040301013607201701
040301014401201701
040301014407201701
040301015201201701
040301015207201701
040301016001201701
040301016007201701
040301017901201701
040301017907201701
040301018701201701
040301018707201701
040301019501201701
040301019507201701
040301020901201701
040301020907201701
040301021701201701
040301021707201701
040301022501201701
040301022507201701
040301023301201701
040301023307201701
040301024101201701
040301024107201701
040301025001201701
040301025007201701
040301026801201701
040301026807201701
040301027601201701
040301027607201701
040301028401201701
040301028407201701
040301029201201701
040301029207201701
040301030601201701
040301030607201701
040301031401201701
040301031407201701
040301032201201701
040301032207201701
040301033001201701
040301033007201701
040301034901201701
040301034907201701
040301035701201701
040301035707201701
040301036501201701
040301036507201701
040301039003201701
040301039007201701
040302001801201701
040302001807201701
040302002601201701
040302002607201701
040302003401201701
040302003407201701
040302004201201701
040302004207201701
040302005001201701
040302005007201701
040302006901201701
040302006907201701
040302007701201701
040302007707201701
040302007709201701
040302008501201701
040302008507201701
040302008509201701
040302009301201701
040302009307201701
040302009309201701
040302010701201701
040302010707201701
040302011501201701
040302011507201701
040302012301201701
040302012307201701
040302012309201701
040302013101201701
040302013107201701
040303001301201701
040303001307201701
040303002101201701
040303002107201701
040303003001201701
040303003007201701
040303004801201701
040303004807201701
040303005601201701
040303005607201701
040303006401201701
040303006407201701
040303008001201701
040303008007201701
040303009901201701
040303009907201701
040303010201201701
040303010207201701
040303011001201701
040303011007201701
040303012901201701
040303012907201701
040303013701201701
040303013707201701
040303014501201701
040303014507201701
040303015301201701
040303015307201701
040303016101201701
040303016107201701
040303017001201701
040303017007201701
040304001901201701
040304001907201701
040304002701201701
040304002707201701
040304005101201701
040304005107201701
040304006001201701
040304006007201701
040304007801201701
040304007807201701
040304008601201701
040304008607201701
040304009401201701
040304009407201701
040304010801201701
040304010807201701
040304011601201701
040304011607201701
040304012401201701
040304012407201701
040305003001201701
040305003003201701
040305003007201701
040305004901201701
040305004907201701
040305005701201701
040305006501201701
040305006507201701
040305007301201701
040305007307201701
040305009001201701
040305009007201701
040305009009201701
040305010301201701
040305010307201701
040305010309201701
040305011101201701
040305011107201701
040305012001201701
040305012007201701
040305013801201701
040305013807201701
040305014601201701
040305014607201701
040305015401201701
040305015407201701
040305016201201701
040306001001201701
040306001007201701
040306002801201701
040306002807201701
040306003601201701
040306003607201701
040306004401201701
040306004407201701
040306005201201701
040306005207201701
040306006001201701
040306006007201701
040306007901201701
040306007907201701
040306008701201701
040306008707201701
040306009501201701
040306009507201701
040307001501201701
040307004001201701
040307004007201701
040307005801201701
040307005807201701
040307008201201701
040307009001201701
040307010401201701
040307011201201701
040307012001201701
040307013901201701
040307013907201701
040307014701201701
040307014707201701
040307015501201701
040307015507201701
040307016301201701
040307016307201701
040308001001201701
040308002901201701
040308003701201701
040308004501201701
040308005301201701
040308005307201701
040308006101201701
040308007001201701
040308007007201701
040308008801201701
040308008807201701
040308009601201701
040308009607201701
040308010001201701
040401001601201701
040401001605201701
040401001609201701
040401002401201701
040401002407201701
040401002409201701
040401003201201701
040401003207201701
040401003209201701
040401004001201701
040401004007201701
040401004009201701
040401005901201701
040401005907201701
040401005909201701
040401006701201701
040401006707201701
040401006709201701
040401008301201701
040401008307201701
040401008309201701
040401010501201701
040401010507201701
040401010509201701
040401011301201701
040401011307201701
040401011309201701
040401012101201701
040401012107201701
040401012109201701
040401013001201701
040401013007201701
040401013009201701
040401014801201701
040401014807201701
040401014809201701
040401016401201701
040401016407201701
040401016409201701
040401017201201701
040401017207201701
040401018001201701
040401018007201701
040401019901201701
040401019907201701
040401020201201701
040401020207201701
040401021001201701
040401021007201701
040401021009201701
040401022901201701
040401022907201701
040401022909201701
040401023701201701
040401023707201701
040401023709201701
040401028801201701
040401028807201701
040401028809201701
040401031801201701
040401031807201701
040401031809201701
040401032601201701
040401032607201701
040401032609201701
040401033401201701
040401033407201701
040401033409201701
040401035001201701
040401035007201701
040401035009201701
040401037701201701
040401037707201701
040401037709201701
040401038501201701
040401038507201701
040401038509201701
040401040701201701
040401040707201701
040401040709201701
040401041501201701
040401041507201701
040401041509201701
040401043101201701
040401043107201701
040401045801201701
040401045807201701
040401046601201701
040401046607201701
040401046609201701
040401047401201701
040401047407201701
040401047409201701
040401048201201701
040401048207201701
040401048209201701
040401049001201701
040401049007201701
040401049009201701
040401050401201701
040401050407201701
040401050409201701
040401051201201701
040401051207201701
040401051209201701
040401052001201701
040401052007201701
040401052009201701
040401053901201701
040401053907201701
040401053909201701
040401054701201701
040401054707201701
040401055501201701
040401055507201701
040401055509201701
040401056301201701
040401056309201701
040401057101201701
040401057107201701
040401058001201701
040401058007201701
040401059801201701
040401059807201701
040401060101201701
040401060107201701
040401061001201701
040401061007201701
040401062801201701
040401062807201701
040401063601201701
040401063607201701
040401064401201701
040401064407201701
040402001101201701
040402001107201701
040402001109201701
040402003801201701
040402003807201701
040402003809201701
040402004601201701
040402004607201701
040402004609201701
040402006201201701
040402006207201701
040402007001201701
040402007007201701
040402007009201701
040402008901201701
040402008907201701
040402008909201701
040402010001201701
040402010003201701
040402010007201701
040402010009201701
040402011901201701
040402011907201701
040402011909201701
040402013501201701
040402013507201701
040402014301201701
040402014307201701
040402014309201701
040402017801201701
040402017807201701
040402020801201701
040402020807201701
040402020809201701
040402022401201701
040402022407201701
040402023201201701
040402023207201701
040402023209201701
040402024001201701
040402024007201701
040402024009201701
040402027501201701
040402027507201701
040402029101201701
040402029107201701
040402031301201701
040402031307201701
040402031309201701
040402032101201701
040402032107201701
040402032109201701
040402034801201701
040402034807201701
040402034809201701
040402035601201701
040402035607201701
040402035609201701
040402038001201701
040402038007201701
040402039901201701
040402039907201701
040402039909201701
040402042901201701
040402042907201701
040402042909201701
040402045301201701
040402045307201701
040402045309201701
040402046101201701
040402046107201701
040402046109201701
040402047001201701
040402047007201701
040402047009201701
040402048801201701
040402048807201701
040402048809201701
040402049601201701
040402049607201701
040402050001201701
040402050007201701
040402051801201701
040402051807201701
040402051809201701
040402052601201701
040402052607201701
040402053401201701
040402053407201701
040402054201201701
040402054207201701
040402054209201701
040402055001201701
040402055007201701
040402056901201701
040402056907201701
040402056909201701
040402057701201701
040402057707201701
040402057709201701
040402058501201701
040402058507201701
040402059301201701
040402059307201701
040402060701201701
040402060707201701
040402064001201701
040402064007201701
040402064009201701
040402065801201701
040402065807201701
040402065809201701
040402066601201701
040402066607201701
040402066609201701
040402069001201701
040402069007201701
040402070401201701
040402070407201701
040402071201201701
040402071207201701
040402071209201701
040402072001201701
040402072007201701
040402073901201701
040402073907201701
040402077101201701
040402077107201701
040402077109201701
040402078001201701
040402078007201701
040403001701201701
040403001707201701
040403001709201701
040403003301201701
040403003307201701
040403004101201701
040403004107201701
040403004109201701
040403005001201701
040403005007201701
040403005009201701
040403006801201701
040403006807201701
040403006809201701
040403007601201701
040403007607201701
040403007609201701
040403008401201701
040403008407201701
040403008409201701
040403010601201701
040403010607201701
040403010609201701
040403012201201701
040403012207201701
040403012209201701
040403013001201701
040403013007201701
040403013009201701
040403015701201701
040403015707201701
040403015709201701
040403016501201701
040403016507201701
040403016509201701
040403017301201701
040403017307201701
040403017309201701
040403019001201701
040403019007201701
040403019009201701
040403022001201701
040403022007201701
040403022009201701
040403024601201701
040403024607201701
040403024609201701
040403025401201701
040403025407201701
040403025409201701
040403026201201701
040403026207201701
040403026209201701
040403027001201701
040403027007201701
040403027009201701
040403028901201701
040403028907201701
040403029701201701
040403029707201701
040403030001201701
040403030007201701
040403031901201701
040403031907201701
040403031909201701
040403032701201701
040403032707201701
040501001001201701
040501001007201701
040501001009201701
040501002801201701
040501002807201701
040501002809201701
040501003601201701
040501003607201701
040501003609201701
040501007901201701
040501007907201701
040501007909201701
040501008701201701
040501008707201701
040501008709201701
040501011701201701
040501011707201701
040501011709201701
040501012501201701
040501012507201701
040501012509201701
040501013301201701
040501013307201701
040501013309201701
040501015001201701
040501015007201701
040501015009201701
040501017601201701
040501017607201701
040501017609201701
040502001501201701
040502001507201701
040502001509201701
040502002301201701
040502002307201701
040502002309201701
040503001001201701
040503001007201701
040503001009201701
040503002901201701
040503002907201701
040503002909201701
040503007001201701
040503007007201701
040503007009201701
040503009601201701
040503009607201701
040503009609201701
040503011801201701
040503011807201701
040503011809201701
040503013401201701
040503013407201701
040503013409201701
040503014201201701
040503014207201701
040503014209201701
040503016901201701
040503016907201701
040503016909201701
040503017701201701
040503017707201701
040503017709201701
040503018501201701
040503018507201701
040503019301201701
040503019307201701
040503020701201701
040503020707201701
040503020709201701
040504001601201701
040504001607201701
040504001609201701
040504002401201701
040504002407201701
040504002409201701
040504004001201701
040504004007201701
040504004009201701
040504005901201701
040504005907201701
040504005909201701
040504006701201701
040504006707201701
040504006709201701
040504007501201701
040504007507201701
040504007509201701
040504008301201701
040504008307201701
040504008309201701
040504009101201701
040504009107201701
040504009109201701
040504010501201701
040504010507201701
040504010509201701
040504014801201701
040504014807201701
040504014809201701
040504015601201701
040504015607201701
040504015609201701
040504016401201701
040504016407201701
040504016409201701
040504018001201701
040504018007201701
040504020201201701
040504020207201701
040504020209201701
040504021001201701
040504021007201701
040504021009201701
040505001101201701
040505001107201701
040505001109201701
040505004601201701
040505004607201701
040505004609201701
040505005401201701
040505005407201701
040505005409201701
040505009701201701
040505009707201701
040505009709201701
040505010001201701
040505010007201701
040505010009201701
040505011901201701
040505011907201701
040505011909201701
040505013501201701
040505013507201701
040505013509201701
040505014301201701
040505014307201701
040505014309201701
040505015101201701
040505015107201701
040505015109201701
040505018601201701
040505018607201701
040505018609201701
040505021601201701
040505021607201701
040505021609201701
040505022401201701
040505022407201701
040505022409201701
040505023201201701
040505023207201701
040505023209201701
040505031301201701
040505031307201701
040505031309201701
040505032101201701
040505032107201701
040505032109201701
040505035601201701
040505035607201701
040505035609201701
040505037201201701
040505037207201701
040505037209201701
040505038001201701
040505038007201701
040505038009201701
040505039901201701
040505039907201701
040505039909201701
040601001301201701
040601001307201701
040601002101201701
040601002107201701
040601003001201701
040601003007201701
040601004801201701
040601004807201701
040601005601201701
040601005607201701
040601006401201701
040601006407201701
040601007201201701
040601007207201701
040601008001201701
040601009901201701
040601009907201701
040601010201201701
040601010207201701
040601011001201701
040601011007201701
040601013701201701
040601013707201701
040601015301201701
040601015307201701
040601016101201701
040601017001201701
040601017007201701
040601018801201701
040601018807201701
040601019601201701
040601019607201701
040601020001201701
040601020007201701
040601021801201701
040601021807201701
040601022601201701
040601022607201701
040601023401201701
040601023407201701
040601024201201701
040601024207201701
040601025001201701
040601025007201701
040601026901201701
040601026907201701
040601027701201701
040601027707201701
040601028501201701
040601028507201701
040601029301201701
040601029307201701
040601030701201701
040601030707201701
040601031501201701
040601031507201701
040601032301201701
040601032307201701
040601033101201701
040601033107201701
040601034001201701
040601034007201701
040601035801201701
040601035807201701
040601036601201701
040601036607201701
040601037401201701
040601037407201701
040601038201201701
040601038207201701
040601039001201701
040601039007201701
040601040401201701
040601040407201701
040601041201201701
040601041207201701
040601042001201701
040601042007201701
040601043901201701
040601043907201701
040601044701201701
040601044707201701
040601045501201701
040601045507201701
040601046301201701
040601046307201701
040601047101201701
040601047107201701
040601048001201701
040601048007201701
040601049801201701
040601049807201701
040601050101201701
040601050107201701
040601051001201701
040601051007201701
040601052801201701
040601052807201701
040601053601201701
040601053607201701
040601054401201701
040601054407201701
040601055201201701
040601055207201701
040601056001201701
040601056007201701
040601056009201701
040601057901201701
040601058701201701
040601058709201701
040601059501201701
040601060901201701
040601061701201701
040601062501201701
040601063301201701
040601063309201701
040601064101201701
040601064107201701
040601064109201701
040601065001201701
040601065009201701
040601066801201701
040601066807201701
040601066809201701
040601067601201701
040601067607201701
040601067609201701
040601068401201701
040601068407201701
040601068409201701
040601069201201701
040601069207201701
040601070601201701
040601071401201701
040601071407201701
040601071409201701
040601073001201701
040601073007201701
040601075701201701
040601075707201701
040601076501201701
040601076507201701
040601077301201701
040601077307201701
040601078101201701
040601078107201701
040601079001201701
040601079009201701
040601080301201701
040601080307201701
040601081101201701
040601082001201701
040601082007201701
040601083801201701
040601084601201701
040601085401201701
040601085409201701
040601086201201701
040601086209201701
040601087001201701
040601087009201701
040601088901201701
040601089701201701
040601089707201701
040601090001201701
040601090007201701
040601091901201701
040601091907201701
040601091909201701
040601092701201701
040601093501201701
040601094301201701
040601095101201701
040601096001201701
040601096003201701
040601096007201701
040601097801201701
040601097803201701
040601097807201701
040601098601201701
040601099401201701
040601100101201701
040601100109201701
040601101001201701
040601101009201701
040601102801201701
040601102809201701
040601103601201701
040601103609201701
040601104401201701
040601104407201701
040601104409201701
040601105201201701
040601105209201701
040601107901201701
040601108701201701
040601108709201701
040601109501201701
040601109509201701
040601110901201701
040601110909201701
040601111701201701
040601111709201701
040601112501201701
040601112509201701
040601113301201701
040601113307201701
040601113309201701
040601114101201701
040601114109201701
040601115001201701
040601115007201701
040601115009201701
040601116801201701
040601116809201701
040601117601201701
040601117609201701
040601118401201701
040601118409201701
040601119201201701
040601119209201701
040601120601201701
040601121401201701
040601121407201701
040601122201201701
040601122207201701
040601123001201701
040601124901201701
040601125701201701
040602001901201701
040602001907201701
040602002701201701
040602002707201701
040602003501201701
040602003507201701
040602004301201701
040602004307201701
040602005101201701
040602005107201701
040602007801201701
040602007807201701
040602007809201701
040602010801201701
040602011601201701
040602011607201701
040602011609201701
040602012401201701
040602012407201701
040602015901201701
040602015907201701
040602015909201701
040602016701201701
040602016707201701
040602016709201701
040602019101201701
040602019107201701
040602021301201701
040602022101201701
040602023001201701
040602024801201701
040602024807201701
040602025601201701
040602025607201701
040602026401201701
040602026407201701
040602027201201701
040602027207201701
040602028001201701
040602028007201701
040602030201201701
040602030207201701
040602031001201701
040602031007201701
040602032901201701
040602032907201701
040602033701201701
040602033707201701
040602034501201701
040602034507201701
040602035301201701
040602035307201701
040602036101201701
040602036107201701
040602037001201701
040602037007201701
040602038801201701
040602038807201701
040602039601201701
040602039607201701
040602040001201701
040602040007201701
040602041801201701
040602041807201701
040602042601201701
040602042607201701
040602043401201701
040602043407201701
040602044201201701
040602044207201701
040602045001201701
040602046901201701
040602046907201701
040602047701201701
040602047707201701
040602048501201701
040602048507201701
040602049301201701
040602049307201701
040602050701201701
040602050707201701
040602051501201701
040602051507201701
040602052301201701
040602053101201701
040602053107201701
040602054001201701
040602054007201701
040602055801201701
040602055807201701
040602056601201701
040602056607201701
040602056609201701
040602057401201701
040602057407201701
040602057409201701
040602058201201701
040602058207201701
040602059001201701
040602059007201701
040602060401201701
040602060407201701
040602060409201701
040602062001201701
040602062003201701
040602062007201701
040602062009201701
040603001401201701
040603002201201701
040603003001201701
040603004901201701
040603005701201701
040603005707201701
040603006501201701
040603007301201701
040603008101201701
040603008107201701
040603009001201701
040603009007201701
040603010301201701
040603010307201701
040603011101201701
040603011107201701
040603012001201701
040603012007201701
040603013801201701
040603013807201701
040603014601201701
040603014607201701
040604001001201701
040604001007201701
040604002801201701
040604002807201701
040604004401201701
040604004407201701
040604005201201701
040604005207201701
040604006001201701
040604006007201701
040604007901201701
040604007907201701
040604008701201701
040604009501201701
040604010901201701
040604010907201701
040604011701201701
040604011707201701
040604012501201701
040604012507201701
040604013301201701
040604014101201701
040604014107201701
040604015001201701
040604016801201701
040604017601201701
040604018401201701
040604019201201701
040604019207201701
040604020601201701
040604020607201701
040604020609201701
040604021401201701
040604021407201701
040604022201201701
040604022207201701
040604023001201701
040604023007201701
040604024901201701
040604024907201701
040604025701201701
040604025707201701
040604025709201701
040604026501201701
040604026507201701
040604027301201701
040604027307201701
040604027309201701
040604028101201701
040604029001201701
040604029007201701
040604029009201701
040604030301201701
040604030307201701
040604030309201701
040604031101201701
040604031107201701
040604031109201701
040604032001201701
040604032007201701
040604033801201701
040604033807201701
040605001501201701
040605001507201701
040605001509201701
040605002301201701
040605002307201701
040605002309201701
040605003101201701
040605003107201701
040605003109201701
040605004001201701
040605004007201701
040605004009201701
040605005801201701
040605005807201701
040605005809201701
040605006601201701
040605006607201701
040605006609201701
040605007401201701
040605007407201701
040605007409201701
040605008201201701
040605008207201701
040605008209201701
040605009001201701
040605009007201701
040605010401201701
040605010407201701
040605011201201701
040605012001201701
040605012007201701
040605012009201701
040605013901201701
040605013907201701
040605013909201701
040701001701201701
040701001707201701
040701003301201701
040701003307201701
040701004101201701
040701005001201701
040701005007201701
040701006801201701
040701006807201701
040701007601201701
040701008401201701
040701008407201701
040701009201201701
040701009207201701
040701010601201701
040701010607201701
040701011401201701
040701011407201701
040701012201201701
040701013001201701
040701014901201701
040701015701201701
040701015707201701
040701016501201701
040701016507201701
040701017301201701
040701018101201701
040701019001201701
040701019007201701
040701020301201701
040701020307201701
040701021101201701
040701021107201701
040701021109201701
040701022001201701
040701022007201701
040701022009201701
040701023801201701
040701023807201701
040701027001201701
040701027007201701
040701028901201701
040701029701201701
040701029707201701
040701030001201701
040701033501201701
040701033507201701
040701034301201701
040701034307201701
040701035101201701
040701035107201701
040701036001201701
040701037801201701
040702001201201701
040702002001201701
040702003901201701
040702003907201701
040702004701201701
040702004707201701
040702006301201701
040702006307201701
040702007101201701
040702007107201701
040702008001201701
040702008007201701
040702009801201701
040702009807201701
040702010101201701
040702010107201701
040702011001201701
040702011007201701
040702011009201701
040702013601201701
040702013607201701
040702013609201701
040702014401201701
040702014407201701
040702014409201701
040702015201201701
040702015207201701
040702017901201701
040702017907201701
040702018701201701
040702018707201701
040702019501201701
040702019507201701
040702020901201701
040702020907201701
040702021701201701
040702021709201701
040702022501201701
040702022507201701
040702022509201701
040702023301201701
040702023307201701
040702024101201701
040702024107201701
040702025001201701
040702025007201701
040702026801201701
040702026807201701
040702026809201701
040702027601201701
040702027607201701
040702027609201701
040702028401201701
040702028407201701
040702028409201701
040702029201201701
040702029207201701
040702030601201701
040702030607201701
040702032201201701
040702032207201701
040702032209201701
040702033001201701
040702034901201701
040702035701201701
040702036501201701
040702036507201701
040702038101201701
040702038107201701
040702040301201701
040702040307201701
040702041101201701
040702041107201701
040702042001201701
040702042007201701
040702043801201701
040702043807201701
040702044601201701
040702044607201701
040702045401201701
040702045407201701
040702045409201701
040702046201201701
040702046207201701
040702047001201701
040702047007201701
040702047009201701
040703001801201701
040703001807201701
040703002601201701
040703002607201701
040703003401201701
040703003407201701
040703003409201701
040703004201201701
040703004207201701
040703005001201701
040703005007201701
040703006901201701
040703006907201701
040703007701201701
040703007707201701
040703007709201701
040703012301201701
040703012307201701
040703013101201701
040703013107201701
040703014001201701
040703014007201701
040703015801201701
040703015807201701
040703016601201701
040703016607201701
040703017401201701
040703017407201701
040703018201201701
040703018207201701
040703019001201701
040703019007201701
040703020401201701
040703021201201701
040703022001201701
040703024701201701
040704001301201701
040704001307201701
040704002101201701
040704002107201701
040704003001201701
040704003007201701
040704004801201701
040704004807201701
040704005601201701
040704005607201701
040704006401201701
040704006407201701
040704006409201701
040704007201201701
040704007207201701
040704007209201701
040704008001201701
040704008007201701
040704008009201701
040704009901201701
040704009907201701
040704009909201701
040704010201201701
040704010207201701
040704010209201701
040704011001201701
040704011007201701
040704011009201701
040704012901201701
040704012907201701
040704012909201701
040704013701201701
040704013707201701
040704013709201701
040704014501201701
040704014507201701
040704014509201701
040704015301201701
040704015307201701
040704015309201701
040704016101201701
040704016107201701
040704017001201701
040704017007201701
040704017009201701
040704018801201701
040704018807201701
040704020001201701
040704020007201701
040704022601201701
040704022607201701
040704022609201701
040704023401201701
040704023407201701
040704024201201701
040704024207201701
040704025001201701
040704025007201701
040704026901201701
040704026907201701
040801001001201701
040801001007201701
040801002901201701
040801002907201701
040801003701201701
040801003707201701
040801004501201701
040801005301201701
040801006101201701
040801007001201701
040801007007201701
040801008801201701
040801008807201701
040801009601201701
040801009607201701
040801009609201701
040801010001201701
040801010007201701
040801010009201701
040801011801201701
040801011807201701
040801011809201701
040801013401201701
040801013407201701
040801013409201701
040801014201201701
040801014207201701
040801014209201701
040801015001201701
040801015007201701
040801015009201701
040801016901201701
040801016907201701
040801017701201701
040801017707201701
040801018501201701
040801018507201701
040801018509201701
040801019301201701
040801019307201701
040801020701201701
040801020707201701
040801020709201701
040801021501201701
040801021509201701
040801022301201701
040801022307201701
040801022309201701
040801023101201701
040801023109201701
040802001601201701
040802001607201701
040802002401201701
040802002407201701
040802003201201701
040802003207201701
040802004001201701
040802005901201701
040802006701201701
040802007501201701
040802008301201701
040802009101201701
040802010501201701
040802010507201701
040802010509201701
040802011301201701
040802011307201701
040802012101201701
040802012107201701
040802012109201701
040802013001201701
040802013007201701
040802014801201701
040802014807201701
040802014809201701
040802015601201701
040802015607201701
040802016401201701
040802016407201701
040802016409201701
040802017201201701
040802017207201701
040802017209201701
040802018001201701
040802018007201701
040802018009201701
040802019901201701
040802019907201701
040802019909201701
040802020201201701
040802020207201701
040802020209201701
040802021001201701
040802021007201701
040802022901201701
040802022907201701
040802022909201701
040802024501201701
040802024507201701
040802024509201701
040802025301201701
040802025307201701
040802026101201701
040802026107201701
040802027001201701
040802027007201701
040802028801201701
040802028807201701
040802029601201701
040802029607201701
040802029609201701
040802030001201701
040802030007201701
040802030009201701
040802031801201701
040802031807201701
040802031809201701
040802032601201701
040802032607201701
040802032609201701
040802033401201701
040802033407201701
040802034201201701
040802034207201701
040802034209201701
040802035001201701
040802035007201701
040802036901201701
040802036907201701
040802037701201701
040802037707201701
040802037709201701
040802038501201701
040802038507201701
040802039301201701
040802039307201701
040802040701201701
040802040707201701
040802041501201701
040802041507201701
040802042301201701
040802042307201701
040802043101201701
040802043107201701
040802044001201701
040802044007201701
040802044009201701
040802045801201701
040802045807201701
040802046601201701
040802046607201701
040802047401201701
040802047407201701
040802047409201701
040802048201201701
040802048207201701
040802048209201701
040802049001201701
040802049007201701
040802049009201701
040802050401201701
040802050407201701
040802050409201701
040802051201201701
040802051207201701
040802051209201701
040802052001201701
040802052007201701
040802052009201701
040802053901201701
040802053907201701
040802053909201701
040802054701201701
040802054707201701
040802055501201701
040802055507201701
040802055509201701
040802056301201701
040802056307201701
040802057101201701
040802057107201701
040802058001201701
040802058007201701
040802059801201701
040802059807201701
040802059809201701
040802060101201701
040802060107201701
040802060109201701
040802061001201701
040802061007201701
040802061009201701
040802062801201701
040802062807201701
040802062809201701
040802063601201701
040802063607201701
040802063609201701
040802064401201701
040802064407201701
040802064409201701
040803001101201701
040803001107201701
040803002001201701
040803002007201701
040803003801201701
040803003807201701
040803004601201701
040803005401201701
040803005407201701
040803006201201701
040803006207201701
040803007001201701
040803007007201701
040803008901201701
040803008907201701
040803009701201701
040803009707201701
040803010001201701
040803010007201701
040803011901201701
040803011907201701
040803012701201701
040803012707201701
040803013501201701
040803014301201701
040803015101201701
040803016001201701
040803017801201701
040803017807201701
040803018601201701
040803019401201701
040803020801201701
040803021601201701
040803022401201701
040803023201201701
040803023207201701
040803024001201701
040803024007201701
040803025901201701
040803025907201701
040803026701201701
040803026707201701
040803027501201701
040803027507201701
040803028301201701
040803028307201701
040803029101201701
040803029107201701
040803030501201701
040803030507201701
040803031301201701
040803031307201701
040803032101201701
040803032107201701
040803033001201701
040803033007201701
040803034801201701
040803034807201701
040803035601201701
040803036401201701
040803036407201701
040803037201201701
040803037207201701
040803038001201701
040803038007201701
040803039901201701
040803039907201701
040803040201201701
040803040207201701
040803041001201701
040803041007201701
040803042901201701
040803042907201701
040803043701201701
040803043707201701
040803044501201701
040803044507201701
040803045301201701
040803045307201701
040803046101201701
040803046107201701
040803047001201701
040803047007201701
040803050001201701
040803050007201701
040803051801201701
040803051807201701
040803052601201701
040803052607201701
040803053401201701
040803053407201701
040803054201201701
040803054207201701
040803055001201701
040803055007201701
040803056901201701
040803056907201701
040803057701201701
040803057707201701
040803058501201701
040803058507201701
040803059301201701
040803059307201701
040803060701201701
040803060707201701
040803061501201701
040803061507201701
040803062301201701
040803062307201701
040803063101201701
040803063107201701
040803064001201701
040803064007201701
040803065801201701
040803065807201701
040803066601201701
040803066607201701
040803067401201701
040803067407201701
040803068201201701
040803068207201701
040803069001201701
040803069007201701
040803070401201701
040803071201201701
040803071207201701
040803072001201701
040803072007201701
040803073901201701
040803073907201701
040803074701201701
040803074707201701
040803075501201701
040803075507201701
040803075509201701
040803076301201701
040803076307201701
040803077101201701
040803077107201701
040803078001201701
040803079801201701
040803080101201701
040803080107201701
040803081001201701
040803081007201701
040803082801201701
040803082807201701
040803083601201701
040803083607201701
040803084401201701
040803084407201701
040803085201201701
040803085207201701
040803086001201701
040803086007201701
040803087901201701
040803087907201701
040803088701201701
040803088707201701
040803089501201701
040803089507201701
040803090901201701
040803090907201701
040803091701201701
040803091707201701
040804001701201701
040804001707201701
040804002501201701
040804002507201701
040804003301201701
040804003307201701
040804004101201701
040804004107201701
040804005001201701
040804006801201701
040804007601201701
040804008401201701
040804009201201701
040804010601201701
040804010607201701
040804011401201701
040804011407201701
040804012201201701
040804012207201701
040804013001201701
040804013007201701
040804014901201701
040804014907201701
040804015701201701
040804015707201701
040804016501201701
040804016507201701
040804017301201701
040804017307201701
040804018101201701
040804018107201701
040804018109201701
040804019001201701
040804019007201701
040804019009201701
040804020301201701
040804020307201701
040804022001201701
040804022007201701
040804023801201701
040804023807201701
040804024601201701
040804024607201701
040804025401201701
040804025407201701
040804026201201701
040804026207201701
040804027001201701
040804027007201701
040804028901201701
040804028907201701
040804029701201701
040804029707201701
040804030001201701
040804030007201701
040804031901201701
040804031907201701
040804032701201701
040804032707201701
040804033501201701
040804033507201701
040804034301201701
040804034307201701
040805001201201701
040805001207201701
040805002001201701
040805002007201701
040805003901201701
040805003907201701
040805004701201701
040805004707201701
040805005501201701
040805006301201701
040805007101201701
040805008001201701
040805008007201701
040805010101201701
040805010107201701
040805011001201701
040805011007201701
040805012801201701
040805012807201701
040805013601201701
040805013607201701
040805014401201701
040805014407201701
040805014409201701
040805015201201701
040805015207201701
040805016001201701
040805016007201701
040805016009201701
040805017901201701
040805017907201701
040805019501201701
040805019507201701
040805019509201701
040805020901201701
040805020907201701
040805020909201701
040805021701201701
040805021707201701
040805021709201701
040805022501201701
040805022507201701
040805022509201701
040805023301201701
040805023307201701
040805024101201701
040805024107201701
040805024109201701
040805025001201701
040805025007201701
040805025009201701
040805026801201701
040805026807201701
040805026809201701
040805027601201701
040805027607201701
040805027609201701
040805028401201701
040805028407201701
040805028409201701
040805029201201701
040805029207201701
040805029209201701
040805030601201701
040805030607201701
040805031401201701
040805031407201701
040805032201201701
040805032207201701
040805032209201701
040805033001201701
040805033007201701
040805034901201701
040805034907201701
040805034909201701
040805035701201701
040805035707201701
040805035709201701
040805036501201701
040805036507201701
040805037301201701
040805037307201701
040805037309201701
040805038101201701
040805038107201701
040805039001201701
040805039007201701
040805039009201701
040805040301201701
040805041101201701
040805041107201701
040805042001201701
040805042007201701
040805043801201701
040805043807201701
040805044601201701
040805044607201701
040805044609201701
040805045401201701
040805045407201701
040805046201201701
040805046207201701
040805047001201701
040805047007201701
040805048901201701
040805048907201701
040805049701201701
040805049707201701
040805050001201701
040805050007201701
040805051901201701
040805051907201701
040805052701201701
040805052707201701
040805053501201701
040805053507201701
040805054301201701
040805054307201701
040805055101201701
040805055107201701
040805056001201701
040805056007201701
040805057801201701
040805057807201701
040805058601201701
040805058607201701
040805059401201701
040805059407201701
040805060801201701
040805060807201701
040805061601201701
040805061607201701
040805062401201701
040805062407201701
040805063201201701
040805063207201701
040805064001201701
040805064007201701
040805064009201701
040805065901201701
040805065907201701
040805065909201701
040805066701201701
040805066709201701
040805067501201701
040805067507201701
040805068301201701
040805068307201701
040805069101201701
040805069107201701
040805069109201701
040805070501201701
040805070507201701
040805071301201701
040805071307201701
040805072101201701
040805072107201701
040805073001201701
040805073007201701
040805073009201701
040805074801201701
040805074807201701
040805074809201701
040805075601201701
040805075607201701
040805075609201701
040805076401201701
040805076407201701
040805076409201701
040805077201201701
040805077207201701
040805078001201701
040805078007201701
040805079901201701
040805079907201701
040805080201201701
040805080207201701
040805081001201701
040805081007201701
040805082901201701
040805082907201701
040805082909201701
040805083701201701
040805083707201701
040805084501201701
040805084507201701
040805085301201701
040805085307201701
040805086101201701
040805086107201701
040805087001201701
040805087007201701
040805088801201701
040805088807201701
040805088809201701
040805089601201701
040805089607201701
040805089609201701
040805090001201701
040805091801201701
040805091807201701
040805091809201701
040805092601201701
040805092607201701
040805092609201701
040806001801201701
040806001807201701
040806001809201701
040806002601201701
040806002607201701
040806003401201701
040806003407201701
040806004201201701
040806004207201701
040806004209201701
040806005001201701
040806005007201701
040806005009201701
040806006901201701
040806006907201701
040806007701201701
040806007707201701
040806008501201701
040806008507201701
040806008509201701
040806009301201701
040806009307201701
040806010701201701
040806010707201701
040806011501201701
040806011507201701
040806011509201701
040806012301201701
040806012307201701
040806012309201701
040806013101201701
040806013107201701
040806013109201701
040806014001201701
040806014007201701
040806014009201701
040806015801201701
040806015807201701
040806015809201701
040806016601201701
040806016607201701
040806017401201701
040806017407201701
040806018201201701
040806018207201701
040806019001201701
040806019007201701
040806020401201701
040806020407201701
040806020409201701
040806021201201701
040806021207201701
040806021209201701
040806023901201701
040806023907201701
040806024701201701
040806024707201701
040806025501201701
040806025507201701
040806026301201701
040806026307201701
040806027101201701
040806027107201701
040806028001201701
040806028007201701
040806029801201701
040806029807201701
040806029809201701
040806030101201701
040806030107201701
040806030109201701
040806031001201701
040806031007201701
040806031009201701
040806032801201701
040806032807201701
040806032809201701
040806033601201701
040806033607201701
040806033609201701
040806034401201701
040806034407201701
040806034409201701
040806035201201701
040806035207201701
040806035209201701
040806036001201701
040806036007201701
040806036009201701
040806037901201701
040806037907201701
040806037909201701
040806038701201701
040806038707201701
040806039501201701
040806039507201701
040806039509201701
040806040901201701
040806040907201701
040806040909201701
040806041701201701
040806041707201701
040806041709201701
040806042501201701
040806042507201701
040806042509201701
040806043301201701
040806043307201701
040806043309201701
040806044101201701
040806044107201701
040806044109201701
040806045001201701
040806045007201701
040806045009201701
040806046801201701
040806046807201701
040806046809201701
040806047601201701
040806047607201701
040806047609201701
040806048401201701
040806048407201701
040806048409201701
040806049201201701
040806049207201701
040806050601201701
040806050607201701
040806051401201701
040806051407201701
040806052201201701
040806052207201701
040806053001201701
040806053007201701
040806053009201701
040806054901201701
040806054907201701
040806054909201701
040806055701201701
040806055707201701
040806056501201701
040806056507201701
040806056509201701
040806057301201701
040806057307201701
040806057309201701
040806058101201701
040806058107201701
040806058109201701
040806059001201701
040806059007201701
040806060301201701
040806060307201701
040806060309201701
040806061101201701
040806062001201701
040806062007201701
040806063801201701
040806063807201701
040806063809201701
040806064601201701
040806064607201701
040806066201201701
040806066207201701
040806067001201701
040806067007201701
040806067009201701
040806069701201701
040806069707201701
040806070001201701
040806070007201701
040806070009201701
040901001401201701
040901001407201701
040901002201201701
040901002207201701
040901003001201701
040901003007201701
040901004901201701
040901004907201701
040901005701201701
040901005707201701
040901006501201701
040901006507201701
040901006509201701
040901007301201701
040901007307201701
040901008101201701
040901008107201701
040901009001201701
040901009007201701
040901009009201701
040901012001201701
040901012007201701
040901012009201701
040901013801201701
040901013807201701
040901014601201701
040901014607201701
040901014609201701
040901017001201701
040901017007201701
040901017009201701
040901018901201701
040901018907201701
040901019701201701
040901019707201701
040901020001201701
040901020007201701
040901021901201701
040901022701201701
040901022707201701
040901023501201701
040901023507201701
040901024301201701
040901024307201701
040901025101201701
040901025107201701
040901026001201701
040901026007201701
040901028601201701
040901028607201701
040901029401201701
040901029407201701
040901030801201701
040901030807201701
040901031601201701
040901031607201701
040901032401201701
040901032407201701
040901033201201701
040901033207201701
040901034001201701
040901034007201701
040901036701201701
040901036707201701
040901037501201701
040901037507201701
040901037509201701
040901038301201701
040901038307201701
040901038309201701
040901039101201701
040901039107201701
040901039109201701
040901040501201701
040901040507201701
040901041301201701
040901041307201701
040901043001201701
040901043007201701
040901043009201701
040901045601201701
040901045607201701
040901046401201701
040901046407201701
040901047201201701
040901047207201701
040901048001201701
040901048007201701
040901048009201701
040901049901201701
040901050201201701
040901050207201701
040901051001201701
040901051007201701
040901051009201701
040901052901201701
040901052907201701
040901053701201701
040901053707201701
040901054501201701
040901054507201701
040901055301201701
040901055307201701
040901056101201701
040901056107201701
040901057001201701
040901057007201701
040901058801201701
040901058807201701
040902001001201701
040902001007201701
040902001009201701
040902002801201701
040902002807201701
040902002809201701
040902004401201701
040902004407201701
040902004409201701
040902005201201701
040902005207201701
040902007901201701
040902007907201701
040902007909201701
040902008701201701
040902008707201701
040902008709201701
040902009501201701
040902009507201701
040902009509201701
040902010901201701
040902010907201701
040902010909201701
040902012501201701
040902012507201701
040902012509201701
040902013301201701
040902013307201701
040902013309201701
040902014101201701
040902014107201701
040902014109201701
040902015001201701
040902015007201701
040902015009201701
040902016801201701
040902016807201701
040902016809201701
040902017601201701
040902017607201701
040902017609201701
040903001501201701
040903001509201701
040903002301201701
040903003101201701
040903004001201701
040904001001201701
040904001007201701
040904001009201701
040904003701201701
040904003707201701
040904003709201701
040904004501201701
040904004507201701
040904005301201701
040904005307201701
040904005309201701
040904007001201701
040904007007201701
040904007009201701
040904008801201701
040904008807201701
040904008809201701
040904009601201701
040904009607201701
040904009609201701
040904011801201701
040904011807201701
040904011809201701
040904012601201701
040904012607201701
040904012609201701
040904013401201701
040904013407201701
040904013409201701
040904014201201701
040904014209201701
040904015001201701
040904015007201701
040904015009201701
040904016901201701
040904016907201701
040904016909201701
040904017701201701
040904017707201701
040904017709201701
040904018501201701
040904018507201701
040904018509201701
040904019301201701
040904019307201701
040904019309201701
040904020701201701
040904020707201701
040904020709201701
040904021501201701
040904021507201701
040904021509201701
040904022301201701
040904022309201701
040904023101201701
040904023107201701
040904023109201701
040904024001201701
040904024009201701
040905001601201701
040905001607201701
040905002401201701
040905002407201701
040905002409201701
040905003201201701
040905003209201701
040905004001201701
040905004007201701
040905004009201701
040905007501201701
040905007507201701
040905007509201701
040905008301201701
040905008307201701
040905008309201701
040905009101201701
040905009107201701
040905009109201701
040905010501201701
040905010507201701
040905010509201701
040905011301201701
040905011307201701
040905011309201701
040905013001201701
040905014801201701
040906001101201701
040906001102201701
040906001107201701
040906001109201701
040906002001201701
040906003801201701
040906003809201701
040906004601201701
040906004607201701
040906004609201701
040906005401201701
040906005402201701
040906005409201701
040906007001201701
040906007002201701
040906007009201701
040906010001201701
040906010007201701
040906011901201701
040906011907201701
040906012701201701
040906012707201701
040906013501201701
040906013507201701
040906014301201701
040906014307201701
040906015101201701
040906015107201701
040906016001201701
040906016007201701
040906017801201701
040906017807201701
040906017809201701
040906018601201701
040906018609201701
040906019401201701
040906019407201701
040906019409201701
040906020801201701
040906020807201701
040906020809201701
040906021601201701
040906021607201701
040906021609201701
040906022401201701
040906022407201701
040906022409201701
040906023201201701
040906023202201701
040906023207201701
040906023209201701
040906024001201701
040906024002201701
040906024007201701
040906024009201701
040906025901201701
040906025902201701
040906025907201701
040906025909201701
040906026701201701
040906026702201701
040906026707201701
040906026709201701
040906027501201701
040906027507201701
040906027509201701
040906028301201701
040906028307201701
040906029101201701
040907001701201701
040907001709201701
040907002501201701
040907002509201701
040907003301201701
040907003309201701
040907004101201701
040907004109201701
040907005001201701
040907006801201701
040907006809201701
040907007601201701
040907007609201701
040907008401201701
040907008409201701
040907009201201701
040907009207201701
040907009209201701
040907010601201701
040907010607201701
040907010609201701
040907011401201701
040907011407201701
040907013001201701
040907013007201701
040907013009201701
040907014901201701
040907014907201701
040907014909201701
040907015701201701
040907015707201701
040907015709201701
040907019001201701
040907019009201701
040907020301201701
040907021101201701
040907021107201701
040907022001201701
040907022007201701
040907022009201701
040907023801201701
040907023807201701
040907024601201701
040907024607201701
040907025401201701
040907025407201701
040907026201201701
040907026207201701
040907026209201701
040907027001201701
040907027009201701
040907028901201701
040907028907201701
040907028909201701
040907029701201701
040907030001201701
040907030009201701
041001001401201701
041001001407201701
041001001409201701
041001005701201701
041001006501201701
041001006507201701
041001006509201701
041001007301201701
041001007307201701
041001007309201701
041001008101201701
041001008107201701
041001008109201701
041001009001201701
041001009009201701
041001011101201701
041001011107201701
041001011109201701
041001012001201701
041001012007201701
041001013801201701
041001014601201701
041001015401201701
041001016201201701
041001019701201701
041001020001201701
041101001801201701
041101001802201701
041101001809201701
041101002601201701
041101002602201701
041101003401201701
041101003402201701
041101004201201701
041101004202201701
041101005001201701
041101005002201701
041101005009201701
041101007701201701
041101007702201701
041101007709201701
041101008501201701
041101008502201701
041102001301201701
041102001302201701
041102001309201701
041102002101201701
041102002102201701
041102002109201701
041102003001201701
041102003002201701
041102004801201701
041102004802201701
041102005601201701
041102005602201701
041201001101201701
041201001107201701
041201002001201701
041201002007201701
041201003801201701
041201003807201701
041201003809201701
041201004601201701
041201004607201701
041201004609201701
041201007001201701
041201007007201701
041201008901201701
041201008907201701
041201009701201701
041201009707201701
041201010001201701
041201010007201701
041201011901201701
041201011907201701
041201013501201701
041201013507201701
041201014301201701
041201014307201701
041202001701201701
041202001707201701
041202002501201701
041202002507201701
041202003301201701
041202003307201701
041202005001201701
041202005007201701
041202006801201701
041202006807201701
041202007601201701
041202007607201701
041202008401201701
041202008407201701
041203001201201701
041203001207201701
041203004701201701
041203004707201701
041203008001201701
041203008007201701
041203009801201701
041203009807201701
041203009809201701
041203010101201701
041203010107201701
041203011001201701
041203011007201701
041204001801201701
041204001807201701
041204001809201701
041204002601201701
041204002607201701
041204003401201701
041204003407201701
041204004201201701
041204004207201701
041204005001201701
041204005007201701
041204006901201701
041204006907201701
041204008501201701
041204008507201701
041204008509201701
041204010701201701
041204010707201701
041204011501201701
041204011507201701
041204012301201701
041204012307201701
041204013101201701
041204013107201701
041204015801201701
041204015807201701
041204016601201701
041204016607201701
041204017401201701
041204017407201701
041204018201201701
041204018207201701
041204019001201701
041204019007201701
041204020401201701
041204020407201701
041204021201201701
041204021207201701
041204022001201701
041204022007201701
041204022009201701
041205001301201701
041205001307201701
041205003001201701
041205003007201701
041205004801201701
041205004807201701
041205006401201701
041205006407201701
041205007201201701
041205007207201701
041205008001201701
041205008007201701
041205010201201701
041205010207201701
041205011001201701
041205011007201701
041205013701201701
041205013707201701
041205014501201701
041205014507201701
041205015301201701
041205015307201701
041205016101201701
041205016107201701
041301001501201701
041301001507201701
041301006601201701
041301008201201701
041301008207201701
041301009001201701
041301009007201701
041303001601201701
041303001607201701
041303001609201701
041303002401201701
041303002407201701
041303002409201701
041303003201201701
041303003209201701
041303005901201701
041303005907201701
041303005909201701
041303006701201701
041303006709201701
041303007501201701
041303007509201701
041303008301201701
041303008307201701
041303008309201701
041304002001201701
041304002007201701
041304003801201701
041304004601201701
041304005401201701
041304005409201701
041304006201201701
041304006209201701
041304007001201701
041304007009201701
041304008901201701
041304008909201701
041304009701201701
041304009707201701
041304010001201701
041304010007201701
041304011901201701
041304011907201701
041304011909201701
041304012701201701
041304012707201701
041304012709201701
041304013501201701
041304013507201701
041304013509201701
041304014301201701
041304014307201701
041304014309201701
041304015101201701
041304015107201701
041304015109201701
041304016001201701
041304016007201701
041304017801201701
041304017807201701
041304018601201701
041304018607201701
041304018609201701
041304019401201701
041304019407201701
041304019409201701
041304020801201701
041304020807201701
041304020809201701
041304021601201701
041304021607201701
041304021609201701
041304022401201701
041304022407201701
041304022409201701
041304023201201701
041304023207201701
041304023209201701
041304024001201701
041304024007201701
041304025901201701
041304025909201701
041304026701201701
041401002701201701
041401003501201701
041401025601201701
041401025607201701
041401025609201701
041401027201201701
041401027207201701
041401027209201701
041401032901201701
041401032907201701
041401032909201701
041401034501201701
041401034507201701
041401034509201701
041402002201201701
041402002203201701
041402002207201701
041402002209201701
041402003001201701
041402003003201701
041402003007201701
041402003009201701
041402004901201701
041402004903201701
041402004907201701
041402004909201701
041402005701201701
041402005703201701
041402005707201701
041402005709201701
041402006501201701
041402006503201701
041402006507201701
041402006509201701
041402007301201701
041402007303201701
041402007307201701
041402007309201701
041402008101201701
041402008103201701
041402008107201701
041402008109201701
041402009001201701
041402009003201701
041402009007201701
041402009009201701
041402014601201701
041402014603201701
041402014607201701
041402014609201701
041402015401201701
041402015403201701
041402015407201701
041402015409201701
041402016201201701
041402016203201701
041402016207201701
041402016209201701
041402020001201701
041402020003201701
041402020007201701
041402020009201701
041402021901201701
041402021903201701
041402021907201701
041402021909201701
041402024301201701
041402024303201701
041402024307201701
041402024309201701
041402027801201701
041402027803201701
041402027807201701
041402027809201701
041402029401201701
041402029403201701
041402029407201701
041402029409201701
041402036701201701
041402036703201701
041402036707201701
041402036709201701
041402037501201701
041402037503201701
041402037507201701
041402037509201701
041402041301201701
041402041303201701
041402041307201701
041402041309201701
041501001201201701
041501001207201701
041502001801201701
041502003401201701
041502003407201701
041502004201201701
041502004207201701
041502005001201701
041502005007201701
041502006901201701
041502006907201701
041502007701201701
041502007707201701
041503001301201701
041503001307201701
041504002701201701
041504002707201701
041504003501201701
041504003507201701
041601001601201701
041601001607201701
041601002401201701
041601002407201701
041601003201201701
041601003207201701
041601004001201701
041601004007201701
041601007501201701
041601007507201701
041601009101201701
041601009107201701
041601011301201701
041601011307201701
041601011309201701
041601012101201701
041601013001201701
041601016401201701
041601016407201701
041601017201201701
041601017207201701
041601017209201701
041601018001201701
041601018007201701
041601019901201701
041601019907201701
041601020201201701
041601020207201701
041601021001201701
041601021007201701
041601022901201701
041601022907201701
041602002001201701
041602002007201701
041602015101201701
041602015107201701
041602016001201701
041602016007201701
041602017801201701
041602017807201701
041602017809201701
041602018601201701
041602018607201701
041602018609201701
041602019401201701
041602019407201701
041602020801201701
041602020807201701
041602021601201701
041602021607201701
041602021609201701
041602022401201701
041602022407201701
041602023201201701
041602023207201701
041602024001201701
041602024007201701
041602024009201701
041602025901201701
041602025907201701
041603001701201701
041603001707201701
041603001709201701
041603002501201701
041603002507201701
041603002509201701
041603003301201701
041603003307201701
041603003309201701
041603004101201701
041603004107201701
041603004109201701
041603006801201701
041603006807201701
041603007601201701
041603008401201701
041603008407201701
041603009201201701
041603009207201701
041603014901201701
041603014907201701
041603014909201701
041603015701201701
041603015707201701
041603015709201701
041603016501201701
041603016507201701
041603017301201701
041603017307201701
041603018101201701
041603018107201701
041603019001201701
041603020301201701
041603020307201701
041603021101201701
041603021107201701
041603022001201701
041603022007201701
041603023801201701
041603023807201701
041603024601201701
041603024607201701
041603025401201701
041603026201201701
041603027001201701
041603027007201701
041603028901201701
041603029701201701
041603030001201701
041603030007201701
041603031901201701
041603031907201701
041603032701201701
041603032707201701
041603032709201701
041603033501201701
041603033507201701
041603033509201701
041603034301201701
041603034307201701
041603035101201701
041603035107201701
041603035109201701
041603036001201701
041603036007201701
041604001201201701
041604001207201701
041604002001201701
041604002007201701
041604003901201701
041604003907201701
041604004701201701
041604004707201701
041604005501201701
041604005507201701
041604007101201701
041604007107201701
041604010101201701
041604010107201701
041604011001201701
041604011007201701
041604012801201701
041604012807201701
041604014401201701
041604014407201701
041604017901201701
041604017909201701
041604018701201701
041604018709201701
041604019501201701
041604019509201701
041604020901201701
041604020907201701
041604021701201701
041604021707201701
041604022501201701
041604022507201701
041604023301201701
041604023307201701
041604024101201701
041604024107201701
041604025001201701
041604025007201701
041604026801201701
041604026807201701
041604027601201701
041604027607201701
041605001801201701
041605001807201701
041605002601201701
041605002607201701
041605003401201701
041605003407201701
041605005001201701
041605005007201701
041605007701201701
041605007707201701
041605009301201701
041605009307201701
041605010701201701
041605010707201701
041605011501201701
041605011507201701
041606001301201701
041606001307201701
041606001309201701
041606002101201701
041606002107201701
041606003001201701
041606003007201701
041606005601201701
041606005607201701
041606006401201701
041606006407201701
041606008001201701
041606008007201701
041606009901201701
041606009907201701
041606010201201701
041606010207201701
041606011001201701
041606011007201701
041606012901201701
041606012907201701
041608001401201701
041608001407201701
041608001409201701
041608003001201701
041608003007201701
041608003009201701
041608008101201701
041608008107201701
041608009001201701
041608009007201701
041608011101201701
041608011107201701
041608012001201701
041608012007201701
041608012009201701
041609001001201701
041609001007201701
041609002801201701
041609002807201701
041609003601201701
041609003607201701
041609007901201701
041609007907201701
041609010901201701
041609010907201701
041609011701201701
041609011707201701
041609012501201701
041609012507201701
041609013301201701
041609013307201701
041611001001201701
041611001007201701
041611002901201701
041611002907201701
041611003701201701
041611003707201701
041611004501201701
041611004507201701
041611005301201701
041611005307201701
041611006101201701
041611006107201701
041611007001201701
041611007007201701
041611008801201701
041611008807201701
041612002401201701
041612003201201701
041612004001201701
041612004009201701
041612005901201701
041612005909201701
050103006901201701
050103006903201701
050103006907201701
050201001074201701
050201001075201701
050201001076201701
050201001077201701
050201001078201701
050201001079201701
050201002977201701
050201002978201701
050201002979201701
050201002980201701
050201002981201701
050201002982201701
050301001401201701
050301001403201701
050301001474201701
050301001475201701
050301001476201701
050301001477201701
050301001478201701
050301001479201701
050301001480201701
050301001481201701
050301001482201701
050301002201201701
050301002274201701
050301002275201701
050301002276201701
050301002277201701
050301002278201701
050301002279201701
050301002280201701
050301002281201701
050301002282201701
050302001001201701
050302002801201701
050303001574201701
050303001575201701
050303001576201701
050303001577201701
050303001578201701
050303001579201701
050303001580201701
050303001581201701
050303001582201701
050303002301201701
050303002374201701
050303002375201701
050303002376201701
050303002377201701
050303002378201701
050303002379201701
050303002380201701
050303002381201701
050303002382201701
050303003101201701
050303003174201701
050303003175201701
050303003176201701
050303003177201701
050303003178201701
050303003179201701
050303003180201701
050303003181201701
050303003182201701
050303004001201701
050303004074201701
050303004075201701
050303004076201701
050303004077201701
050303004078201701
050303004080201701
050303004081201701
050303004082201701
050303005801201701
050303005874201701
050303005875201701
050303005876201701
050303005877201701
050303005878201701
050303005879201701
050303005880201701
050303005881201701
050303005882201701
050303006601201701
050303006674201701
050303006675201701
050303006676201701
050303006677201701
050303006678201701
050303006679201701
050303006680201701
050303006681201701
050303006682201701
050303007401201701
050303007474201701
050303007475201701
050303007476201701
050303007477201701
050303007478201701
050303007479201701
050303007480201701
050303007481201701
050303007482201701
050303008201201701
050303008274201701
050303008275201701
050303008276201701
050303008277201701
050303008278201701
050303008279201701
050303008280201701
050303008281201701
050303008282201701
050303009001201701
050303009074201701
050303009075201701
050303009076201701
050303009077201701
050303009078201701
050303009079201701
050303009080201701
050303009081201701
050303009082201701
050303010401201701
050303010474201701
050303010475201701
050303010476201701
050303010477201701
050303010478201701
050303010479201701
050303010480201701
050303010481201701
050303010482201701
050304004574201701
050304004575201701
050304004576201701
050304004577201701
050304004578201701
050304004579201701
050304004580201701
050304004581201701
050304004582201701
050501001103201701
050501001107201701
050501002003201701
050501002007201701
050501003803201701
050501003807201701
050501004603201701
050501004607201701
050501005403201701
050501005407201701
050501006203201701
050501006207201701
050501007003201701
050501007007201701
050501008903201701
050501008907201701
050501009701201701
050501009707201701
050501009709201701
050501010001201701
050501010007201701
050501010009201701
050501011901201701
050501011907201701
050501011909201701
050501012701201701
050501012707201701
050501012709201701
050502004101201701
050502004107201701
050502005001201701
050502005007201701
050502006801201701
050502007601201701
050502008401201701
050502009201201701
050502010601201701
050502011401201701
050502011407201701
050502012201201701
050602001012201701
050602002912201701
050602003712201701
050602004503201701
050602004507201701
050602004509201701
050602004512201701
050602005301201701
050602005303201701
050602005307201701
050602006101201701
050602006103201701
050602006107201701
050602007001201701
050602007003201701
050602007007201701
050602008801201701
050602008803201701
050602008807201701
050602009601201701
050602009603201701
050602009607201701
050602010001201701
050602010003201701
050602010007201701
050602011801201701
050602011803201701
050602011807201701
070209005001201701
070209005007201701
070209006901201701
070209006907201701
080201006765201701
080201007579201701
080201008375201701
080201009176201701
080201010574201701
080201011383201701
080201012181201701
080201013082201701
080201014877201701
080201015678201701
080201016480201701
080201021085201701
080201022986201701
080201023792201701
080201024593201701
080201025387201701
080201026187201701
080201027087201701
